"Date","Price","Open","High","Low","Change %"
"08/29/2025","2.589","2.574","2.593","2.574","0.31%"
"08/28/2025","2.581","2.560","2.581","2.531","0.70%"
"08/27/2025","2.563","2.582","2.587","2.563","-1.23%"
"08/26/2025","2.595","2.592","2.601","2.587","-0.54%"
"08/25/2025","2.609","2.600","2.628","2.580","-0.84%"
"08/22/2025","2.631","2.627","2.631","2.611","1.08%"
"08/21/2025","2.603","2.602","2.614","2.601","-0.08%"
"08/20/2025","2.605","2.602","2.615","2.602","-0.34%"
"08/19/2025","2.614","2.591","2.615","2.590","0.81%"
"08/18/2025","2.593","2.586","2.593","2.577","1.41%"
"08/14/2025","2.557","2.556","2.562","2.500","-0.43%"
"08/13/2025","2.568","2.575","2.587","2.568","-0.66%"
"08/12/2025","2.585","2.570","2.585","2.570","0.66%"
"08/11/2025","2.568","2.561","2.572","2.559","0.55%"
"08/08/2025","2.554","2.552","2.554","2.545","0.12%"
"08/07/2025","2.551","2.564","2.564","2.543","-0.74%"
"08/06/2025","2.570","2.564","2.572","2.548","0.35%"
"08/05/2025","2.561","2.565","2.566","2.547","-0.39%"
"08/04/2025","2.571","2.542","2.572","2.539","-2.17%"
"08/01/2025","2.628","2.605","2.629","2.599","0.50%"
"07/31/2025","2.615","2.617","2.617","2.584","0.73%"
"07/30/2025","2.596","2.586","2.611","2.586","-0.57%"
"07/29/2025","2.611","2.611","2.615","2.591","-0.11%"
"07/28/2025","2.614","2.640","2.642","2.614","-0.87%"
"07/25/2025","2.637","2.623","2.640","2.614","0.34%"
"07/24/2025","2.628","2.615","2.628","2.612","0.50%"
"07/23/2025","2.615","2.616","2.626","2.605","-0.23%"
"07/22/2025","2.621","2.619","2.626","2.601","-0.34%"
"07/21/2025","2.630","2.645","2.645","2.618","-0.68%"
"07/18/2025","2.648","2.658","2.665","2.633","-0.53%"
"07/17/2025","2.662","2.630","2.663","2.628","0.00%"
"07/16/2025","2.662","2.671","2.671","2.641","0.72%"
"07/15/2025","2.643","2.648","2.666","2.643","-0.38%"
"07/14/2025","2.653","2.622","2.653","2.620","1.84%"
"07/11/2025","2.605","2.605","2.605","2.605","-0.04%"
"07/10/2025","2.606","2.610","2.616","2.585","-1.03%"
"07/09/2025","2.633","2.635","2.640","2.621","-0.15%"
"07/08/2025","2.637","2.641","2.641","2.619","-0.04%"
"07/07/2025","2.638","2.625","2.638","2.619","0.76%"
"07/04/2025","2.618","2.616","2.621","2.601","0.73%"
"07/03/2025","2.599","2.624","2.628","2.598","-0.76%"
"07/02/2025","2.619","2.580","2.621","2.576","1.47%"
"07/01/2025","2.581","2.588","2.604","2.572","-0.39%"
"06/30/2025","2.591","2.592","2.595","2.569","0.90%"
"06/27/2025","2.568","2.590","2.604","2.568","-1.27%"
"06/26/2025","2.601","2.615","2.655","2.601","0.35%"
"06/25/2025","2.592","2.601","2.653","2.592","-0.96%"
"06/24/2025","2.617","2.630","2.636","2.610","-1.39%"
"06/23/2025","2.654","2.661","2.674","2.647","-0.56%"
"06/20/2025","2.669","2.651","2.673","2.643","1.10%"
"06/19/2025","2.640","2.631","2.658","2.630","0.15%"
"06/18/2025","2.636","2.603","2.639","2.600","0.92%"
"06/17/2025","2.612","2.610","2.631","2.596","-1.10%"
"06/16/2025","2.641","2.643","2.650","2.615","1.69%"
"06/13/2025","2.597","2.539","2.605","2.539","0.31%"
"06/12/2025","2.589","2.581","2.594","2.421","1.45%"
"06/11/2025","2.552","2.567","2.577","2.551","-0.43%"
"06/10/2025","2.563","2.572","2.582","2.558","-0.04%"
"06/09/2025","2.564","2.628","2.632","2.564","-1.50%"
"06/05/2025","2.603","2.601","2.603","2.572","0.04%"
"06/04/2025","2.602","2.558","2.610","2.556","4.00%"
"06/02/2025","2.502","2.514","2.526","2.499","-1.18%"
"05/30/2025","2.532","2.467","2.535","2.467","1.44%"
"05/29/2025","2.496","2.481","2.496","2.440","1.55%"
"05/28/2025","2.458","2.479","2.484","2.457","-0.69%"
"05/27/2025","2.475","2.485","2.497","2.475","-1.20%"
"05/26/2025","2.505","2.495","2.510","2.477","-0.40%"
"05/23/2025","2.515","2.488","2.516","2.488","1.37%"
"05/22/2025","2.481","2.525","2.531","2.481","-0.64%"
"05/21/2025","2.497","2.478","2.517","2.472","1.22%"
"05/20/2025","2.467","2.470","2.486","2.462","-1.36%"
"05/19/2025","2.501","2.451","2.502","2.451","2.50%"
"05/16/2025","2.440","2.453","2.477","2.440","-2.28%"
"05/15/2025","2.497","2.500","2.519","2.490","0.60%"
"05/14/2025","2.482","2.502","2.509","2.477","-0.56%"
"05/13/2025","2.496","2.481","2.503","2.477","0.93%"
"05/12/2025","2.473","2.474","2.478","2.439","1.81%"
"05/09/2025","2.429","2.427","2.449","2.422","1.46%"
"05/08/2025","2.394","2.369","2.400","2.348","0.72%"
"05/07/2025","2.377","2.395","2.395","2.367","-0.71%"
"05/02/2025","2.394","2.386","2.410","2.386","0.80%"
"04/30/2025","2.375","2.409","2.409","2.370","-1.82%"
"04/29/2025","2.419","2.413","2.429","2.405","0.17%"
"04/28/2025","2.415","2.395","2.415","2.391","0.46%"
"04/25/2025","2.404","2.417","2.448","2.394","-1.48%"
"04/24/2025","2.440","2.401","2.444","2.401","0.12%"
"04/23/2025","2.437","2.430","2.448","2.430","-0.04%"
"04/22/2025","2.438","2.431","2.450","2.417","0.29%"
"04/21/2025","2.431","2.452","2.459","2.429","-1.50%"
"04/18/2025","2.468","2.465","2.475","2.453","-0.52%"
"04/17/2025","2.481","2.460","2.485","2.456","0.65%"
"04/16/2025","2.465","2.491","2.491","2.460","-1.36%"
"04/15/2025","2.499","2.496","2.507","2.493","-0.44%"
"04/14/2025","2.510","2.494","2.528","2.494","0.24%"
"04/11/2025","2.504","2.528","2.528","2.498","-0.36%"
"04/10/2025","2.513","2.547","2.547","2.502","-1.06%"
"04/09/2025","2.540","2.537","2.562","2.505","1.52%"
"04/08/2025","2.502","2.564","2.564","2.502","0.44%"
"04/07/2025","2.491","2.502","2.510","2.487","-2.24%"
"04/04/2025","2.548","2.588","2.588","2.525","-2.08%"
"04/03/2025","2.602","2.584","2.602","2.575","-1.92%"
"04/02/2025","2.653","2.666","2.668","2.649","-0.19%"
"04/01/2025","2.658","2.660","2.685","2.653","-0.30%"
"03/31/2025","2.666","2.675","2.675","2.646","-1.48%"
"03/28/2025","2.706","2.708","2.719","2.702","0.04%"
"03/27/2025","2.705","2.718","2.724","2.702","-0.29%"
"03/26/2025","2.713","2.708","2.716","2.701","0.48%"
"03/25/2025","2.700","2.699","2.710","2.696","0.82%"
"03/24/2025","2.678","2.684","2.691","2.672","0.56%"
"03/21/2025","2.663","2.664","2.673","2.659","0.26%"
"03/20/2025","2.656","2.649","2.669","2.648","-0.71%"
"03/19/2025","2.675","2.646","2.679","2.646","1.17%"
"03/18/2025","2.644","2.627","2.654","2.627","-0.11%"
"03/17/2025","2.647","2.641","2.658","2.641","0.30%"
"03/14/2025","2.639","2.625","2.655","2.625","0.57%"
"03/13/2025","2.624","2.635","2.637","2.619","0.19%"
"03/12/2025","2.619","2.653","2.653","2.619","-0.57%"
"03/11/2025","2.634","2.609","2.634","2.607","-0.87%"
"03/10/2025","2.657","2.627","2.663","2.627","-0.82%"
"03/07/2025","2.679","2.710","2.710","2.670","-0.92%"
"03/06/2025","2.704","2.690","2.735","2.690","1.01%"
"03/05/2025","2.677","2.666","2.832","2.614","1.56%"
"03/04/2025","2.636","2.595","2.636","2.583","-0.42%"
"02/28/2025","2.647","2.680","2.692","2.631","-1.30%"
"02/27/2025","2.682","2.664","2.686","2.653","0.19%"
"02/26/2025","2.677","2.675","2.679","2.664","-0.82%"
"02/25/2025","2.699","2.716","2.717","2.681","-0.70%"
"02/24/2025","2.718","2.707","2.815","2.686","-0.26%"
"02/21/2025","2.725","2.747","2.750","2.723","-0.84%"
"02/20/2025","2.748","2.750","2.756","2.725","0.11%"
"02/19/2025","2.745","2.759","2.766","2.736","-0.15%"
"02/18/2025","2.749","2.719","2.759","2.715","0.77%"
"02/17/2025","2.728","2.708","2.729","2.697","0.81%"
"02/14/2025","2.706","2.706","2.721","2.700","-0.99%"
"02/13/2025","2.733","2.774","2.774","2.733","-0.47%"
"02/12/2025","2.746","2.726","2.748","2.721","1.25%"
"02/11/2025","2.712","2.712","2.717","2.684","0.07%"
"02/10/2025","2.710","2.730","2.744","2.708","-0.59%"
"02/07/2025","2.726","2.695","2.726","2.681","2.29%"
"02/06/2025","2.665","2.641","2.671","2.637","-0.74%"
"02/05/2025","2.685","2.704","2.704","2.681","-0.70%"
"02/04/2025","2.704","2.697","2.712","2.675","0.56%"
"02/03/2025","2.689","2.707","2.711","2.661","-0.52%"
"01/31/2025","2.703","2.658","2.703","2.658","-0.07%"
"01/24/2025","2.705","2.700","2.709","2.664","0.56%"
"01/23/2025","2.690","2.675","2.697","2.675","0.00%"
"01/22/2025","2.690","2.693","2.705","2.684","0.82%"
"01/21/2025","2.668","2.653","2.687","2.644","-0.82%"
"01/20/2025","2.690","2.691","2.716","2.678","0.00%"
"01/17/2025","2.690","2.705","2.727","2.659","-1.07%"
"01/16/2025","2.719","2.708","2.735","2.694","-1.70%"
"01/15/2025","2.766","2.742","2.774","2.733","1.17%"
"01/14/2025","2.734","2.739","2.760","2.720","-0.69%"
"01/13/2025","2.753","2.675","2.754","2.675","2.11%"
"01/10/2025","2.696","2.655","2.696","2.631","2.78%"
"01/09/2025","2.623","2.648","2.654","2.605","-1.06%"
"01/08/2025","2.651","2.690","2.694","2.650","-0.34%"
"01/07/2025","2.660","2.681","2.685","2.659","-0.93%"
"01/06/2025","2.685","2.682","2.690","2.665","1.17%"
"01/03/2025","2.654","2.685","2.685","2.623","-1.19%"
"01/02/2025","2.686","2.736","2.765","2.667","-2.86%"
"12/31/2024","2.765","2.765","2.765","2.765","-0.75%"
"12/30/2024","2.786","2.796","2.805","2.755","0.11%"
"12/27/2024","2.783","2.810","2.867","2.782","-0.64%"
"12/26/2024","2.801","2.808","2.837","2.801","0.00%"
"12/24/2024","2.801","2.773","2.808","2.757","1.85%"
"12/23/2024","2.750","2.756","2.768","2.720","-1.01%"
"12/20/2024","2.778","2.737","2.791","2.737","1.35%"
"12/19/2024","2.741","2.722","2.761","2.717","2.51%"
"12/18/2024","2.674","2.728","2.756","2.647","-2.23%"
"12/17/2024","2.735","2.656","2.735","2.647","3.01%"
"12/16/2024","2.655","2.653","2.656","2.617","1.14%"
"12/13/2024","2.625","2.641","2.648","2.623","-0.11%"
"12/12/2024","2.628","2.613","2.645","2.606","0.31%"
"12/11/2024","2.620","2.587","2.620","2.587","1.83%"
"12/10/2024","2.573","2.608","2.611","2.571","-0.85%"
"12/09/2024","2.595","2.644","2.660","2.594","-1.59%"
"12/06/2024","2.637","2.628","2.650","2.605","0.08%"
"12/05/2024","2.635","2.632","2.659","2.627","-0.42%"
"12/04/2024","2.646","2.642","2.646","2.595","1.38%"
"12/03/2024","2.610","2.564","2.610","2.550","0.58%"
"12/02/2024","2.595","2.635","2.635","2.588","-1.93%"
"11/29/2024","2.646","2.677","2.677","2.640","-1.49%"
"11/28/2024","2.686","2.763","2.763","2.677","-3.66%"
"11/27/2024","2.788","2.794","2.797","2.780","0.11%"
"11/26/2024","2.785","2.804","2.815","2.783","-2.01%"
"11/25/2024","2.842","2.851","2.851","2.815","-1.04%"
"11/22/2024","2.872","2.905","2.905","2.863","-0.24%"
"11/21/2024","2.879","2.921","2.921","2.871","-1.30%"
"11/20/2024","2.917","2.926","2.931","2.913","-0.85%"
"11/19/2024","2.942","2.949","2.953","2.931","-1.11%"
"11/18/2024","2.975","2.978","2.981","2.966","-0.47%"
"11/15/2024","2.989","2.987","2.998","2.985","0.44%"
"11/14/2024","2.976","2.998","3.011","2.976","-0.37%"
"11/13/2024","2.987","2.981","2.990","2.967","1.67%"
"11/12/2024","2.938","2.928","2.941","2.922","-0.37%"
"11/11/2024","2.949","2.946","2.954","2.935","0.17%"
"11/08/2024","2.944","2.934","2.948","2.929","-1.14%"
"11/07/2024","2.978","3.006","3.023","2.972","-1.49%"
"11/06/2024","3.023","2.956","3.047","2.956","1.85%"
"11/05/2024","2.968","2.983","2.987","2.968","-0.90%"
"11/04/2024","2.995","2.999","3.007","2.992","0.50%"
"11/01/2024","2.980","2.998","3.000","2.973","-0.27%"
"10/31/2024","2.988","3.034","3.037","2.988","-0.47%"
"10/30/2024","3.002","3.000","3.006","2.992","-0.30%"
"10/29/2024","3.011","2.999","3.022","2.945","0.10%"
"10/28/2024","3.008","2.999","3.008","2.993","2.45%"
"10/25/2024","2.936","2.959","2.959","2.926","-0.64%"
"10/24/2024","2.955","2.964","2.973","2.945","-1.86%"
"10/23/2024","3.011","3.023","3.043","3.010","-0.17%"
"10/22/2024","3.016","3.018","3.027","3.007","1.79%"
"10/21/2024","2.963","2.974","2.977","2.958","-0.24%"
"10/18/2024","2.970","2.972","2.973","2.961","0.99%"
"10/17/2024","2.941","2.924","2.943","2.920","0.58%"
"10/16/2024","2.924","2.947","2.947","2.921","-2.04%"
"10/15/2024","2.985","2.985","2.998","2.959","-0.47%"
"10/14/2024","2.999","2.995","3.009","2.986","0.44%"
"10/11/2024","2.986","3.005","3.008","2.961","-0.57%"
"10/10/2024","3.003","2.983","3.019","2.982","-0.50%"
"10/08/2024","3.018","3.015","3.042","2.997","0.00%"
"10/07/2024","3.018","2.984","3.032","2.980","3.96%"
"10/04/2024","2.903","2.893","2.908","2.890","2.11%"
"10/02/2024","2.843","2.862","2.867","2.837","-1.42%"
"09/30/2024","2.884","2.866","2.892","2.853","-0.14%"
"09/27/2024","2.888","2.893","2.895","2.881","0.45%"
"09/26/2024","2.875","2.893","2.893","2.868","-0.86%"
"09/25/2024","2.900","2.890","2.908","2.862","-0.07%"
"09/24/2024","2.902","2.892","2.906","2.882","0.00%"
"09/23/2024","2.902","2.893","2.907","2.892","1.22%"
"09/20/2024","2.867","2.863","2.870","2.854","-0.17%"
"09/19/2024","2.872","2.876","2.891","2.870","1.38%"
"09/13/2024","2.833","2.880","2.887","2.829","-2.04%"
"09/12/2024","2.892","2.877","2.909","2.875","7.83%"
"09/11/2024","2.682","2.874","2.883","2.682","-7.74%"
"09/10/2024","2.907","2.932","2.932","2.902","-1.79%"
"09/09/2024","2.960","2.934","2.965","2.934","0.92%"
"09/06/2024","2.933","2.961","2.970","2.931","-1.18%"
"09/05/2024","2.968","2.963","2.980","2.961","-0.93%"
"09/04/2024","2.996","3.012","3.051","2.996","-1.67%"
"09/03/2024","3.047","3.055","3.068","3.045","-0.29%"
"09/02/2024","3.056","3.035","3.056","3.013","1.63%"
"08/30/2024","3.007","3.000","3.013","2.990","0.20%"
"08/29/2024","3.001","2.979","3.010","2.975","0.94%"
"08/28/2024","2.973","3.001","3.009","2.972","-0.57%"
"08/27/2024","2.990","2.948","3.019","2.948","2.22%"
"08/26/2024","2.925","2.926","2.952","2.913","-1.05%"
"08/23/2024","2.956","2.957","2.958","2.946","0.85%"
"08/22/2024","2.931","2.964","2.964","2.910","-0.54%"
"08/21/2024","2.947","2.936","2.960","2.932","0.10%"
"08/20/2024","2.944","2.949","2.959","2.939","0.24%"
"08/19/2024","2.937","2.954","2.961","2.930","0.10%"
"08/16/2024","2.934","2.958","2.958","2.931","1.31%"
"08/14/2024","2.896","2.888","2.930","2.888","-1.26%"
"08/13/2024","2.933","2.928","2.961","2.926","-0.71%"
"08/12/2024","2.954","2.960","2.969","2.950","-0.14%"
"08/09/2024","2.958","2.960","2.963","2.934","0.54%"
"08/08/2024","2.942","2.933","2.950","2.881","2.08%"
"08/07/2024","2.882","2.968","2.980","2.882","0.00%"
"08/06/2024","2.882","2.910","2.952","2.882","2.34%"
"08/05/2024","2.816","2.852","2.885","2.809","-4.67%"
"08/02/2024","2.954","2.938","2.959","2.924","-0.71%"
"08/01/2024","2.975","2.984","2.989","2.951","-1.65%"
"07/31/2024","3.025","3.015","3.029","2.999","0.67%"
"07/30/2024","3.005","2.992","3.014","2.976","0.50%"
"07/29/2024","2.990","3.020","3.020","2.990","-1.71%"
"07/26/2024","3.042","3.057","3.068","3.042","-0.62%"
"07/25/2024","3.061","3.062","3.110","3.047","-0.84%"
"07/24/2024","3.087","3.105","3.114","3.072","0.06%"
"07/23/2024","3.085","3.104","3.110","3.085","-0.16%"
"07/22/2024","3.090","3.105","3.132","3.090","-0.32%"
"07/19/2024","3.100","3.092","3.105","3.082","0.75%"
"07/18/2024","3.077","3.079","3.090","3.072","-0.10%"
"07/17/2024","3.080","3.056","3.082","3.043","0.72%"
"07/16/2024","3.058","3.097","3.097","3.046","-1.26%"
"07/15/2024","3.097","3.105","3.127","3.097","-0.35%"
"07/12/2024","3.108","3.149","3.149","3.108","-2.05%"
"07/11/2024","3.173","3.150","3.194","3.136","1.02%"
"07/10/2024","3.141","3.141","3.153","3.121","0.10%"
"07/09/2024","3.138","3.126","3.138","3.113","-0.10%"
"07/08/2024","3.141","3.130","3.149","3.129","-0.38%"
"07/05/2024","3.153","3.174","3.177","3.150","-0.13%"
"07/04/2024","3.157","3.178","3.182","3.155","-1.25%"
"07/03/2024","3.197","3.194","3.214","3.182","-0.22%"
"07/02/2024","3.204","3.247","3.255","3.187","-1.20%"
"07/01/2024","3.243","3.201","3.261","3.196","1.31%"
"06/28/2024","3.201","3.223","3.236","3.201","-1.90%"
"06/27/2024","3.263","3.256","3.267","3.238","1.68%"
"06/26/2024","3.209","3.203","3.249","3.203","-0.25%"
"06/25/2024","3.217","3.199","3.219","3.199","0.16%"
"06/24/2024","3.212","3.192","3.223","3.187","0.75%"
"06/21/2024","3.188","3.214","3.228","3.188","-1.15%"
"06/20/2024","3.225","3.177","3.225","3.177","1.13%"
"06/19/2024","3.189","3.207","3.214","3.186","-1.27%"
"06/18/2024","3.230","3.242","3.247","3.222","0.00%"
"06/17/2024","3.230","3.266","3.268","3.229","-1.01%"
"06/14/2024","3.263","3.302","3.302","3.263","-0.88%"
"06/13/2024","3.292","3.283","3.315","3.278","-1.14%"
"06/12/2024","3.330","3.350","3.356","3.330","-1.10%"
"06/11/2024","3.367","3.378","3.384","3.356","-0.47%"
"06/10/2024","3.383","3.410","3.410","3.381","1.50%"
"06/07/2024","3.333","3.347","3.347","3.317","-1.45%"
"06/05/2024","3.382","3.388","3.419","3.366","-1.08%"
"06/04/2024","3.419","3.414","3.420","3.408","-1.36%"
"06/03/2024","3.466","3.476","3.482","3.461","-1.34%"
"05/31/2024","3.513","3.473","3.513","3.472","0.40%"
"05/30/2024","3.499","3.504","3.510","3.480","1.07%"
"05/29/2024","3.462","3.450","3.468","3.450","0.93%"
"05/28/2024","3.430","3.428","3.441","3.416","-0.23%"
"05/27/2024","3.438","3.430","3.446","3.430","-0.43%"
"05/24/2024","3.453","3.452","3.457","3.443","0.94%"
"05/23/2024","3.421","3.438","3.451","3.410","-0.35%"
"05/22/2024","3.433","3.424","3.439","3.416","-0.17%"
"05/21/2024","3.439","3.451","3.455","3.433","-0.17%"
"05/20/2024","3.445","3.440","3.446","3.428","0.82%"
"05/17/2024","3.417","3.424","3.424","3.402","0.44%"
"05/16/2024","3.402","3.407","3.422","3.402","-2.49%"
"05/14/2024","3.489","3.498","3.504","3.485","-0.06%"
"05/13/2024","3.491","3.487","3.502","3.487","0.26%"
"05/10/2024","3.482","3.479","3.485","3.468","-0.11%"
"05/09/2024","3.486","3.485","3.495","3.482","0.43%"
"05/08/2024","3.471","3.471","3.486","3.470","-0.29%"
"05/07/2024","3.481","3.502","3.511","3.480","-1.89%"
"05/03/2024","3.548","3.544","3.564","3.535","-0.37%"
"05/02/2024","3.561","3.558","3.580","3.558","-0.67%"
"04/30/2024","3.585","3.596","3.596","3.571","-0.99%"
"04/29/2024","3.621","3.594","3.642","3.594","0.30%"
"04/26/2024","3.610","3.668","3.669","3.610","-0.44%"
"04/25/2024","3.626","3.617","3.640","3.606","1.26%"
"04/24/2024","3.581","3.545","3.582","3.545","0.76%"
"04/23/2024","3.554","3.564","3.572","3.552","-0.81%"
"04/22/2024","3.583","3.562","3.600","3.562","1.36%"
"04/19/2024","3.535","3.535","3.538","3.489","1.46%"
"04/18/2024","3.484","3.518","3.518","3.478","-1.89%"
"04/17/2024","3.551","3.565","3.576","3.521","0.51%"
"04/16/2024","3.533","3.514","3.540","3.508","1.12%"
"04/15/2024","3.494","3.473","3.497","3.468","1.13%"
"04/12/2024","3.455","3.496","3.504","3.451","-1.59%"
"04/11/2024","3.511","3.540","3.542","3.502","2.21%"
"04/09/2024","3.435","3.423","3.439","3.421","0.29%"
"04/08/2024","3.425","3.381","3.429","3.381","1.66%"
"04/05/2024","3.369","3.370","3.377","3.354","-0.24%"
"04/04/2024","3.377","3.367","3.381","3.362","-0.09%"
"04/03/2024","3.380","3.387","3.390","3.370","0.36%"
"04/02/2024","3.368","3.361","3.373","3.353","1.35%"
"04/01/2024","3.323","3.341","3.364","3.321","-0.95%"
"03/29/2024","3.355","3.344","3.363","3.342","0.99%"
"03/28/2024","3.322","3.334","3.342","3.319","0.00%"
"03/27/2024","3.322","3.340","3.343","3.318","-0.54%"
"03/26/2024","3.340","3.336","3.340","3.322","0.27%"
"03/25/2024","3.331","3.302","3.338","3.294","0.54%"
"03/22/2024","3.313","3.350","3.357","3.309","-1.10%"
"03/21/2024","3.350","3.342","3.357","3.340","-1.67%"
"03/20/2024","3.407","3.399","3.409","3.394","-0.26%"
"03/19/2024","3.416","3.402","3.430","3.395","1.04%"
"03/18/2024","3.381","3.366","3.381","3.365","1.23%"
"03/17/2024","3.340","3.340","3.340","3.340","0.00%"
"03/16/2024","3.340","3.340","3.340","3.340","-0.12%"
"03/15/2024","3.344","3.355","3.358","3.341","1.27%"
"03/14/2024","3.302","3.278","3.307","3.278","0.82%"
"03/13/2024","3.275","3.297","3.302","3.275","-0.27%"
"03/12/2024","3.284","3.284","3.304","3.283","0.00%"
"03/11/2024","3.284","3.286","3.288","3.271","0.46%"
"03/10/2024","3.269","3.269","3.269","3.269","0.00%"
"03/09/2024","3.269","3.269","3.269","3.269","0.00%"
"03/08/2024","3.269","3.330","3.332","3.269","-2.77%"
"03/07/2024","3.362","3.341","3.375","3.341","0.00%"
"03/06/2024","3.362","3.358","3.374","3.348","-0.65%"
"03/05/2024","3.384","3.390","3.395","3.382","-0.56%"
"03/04/2024","3.403","3.383","3.403","3.379","-0.79%"
"03/03/2024","3.430","3.430","3.430","3.430","0.00%"
"03/02/2024","3.430","3.430","3.430","3.430","0.00%"
"03/01/2024","3.430","3.430","3.430","3.430","-0.06%"
"02/29/2024","3.432","3.405","3.443","3.404","0.97%"
"02/28/2024","3.399","3.409","3.417","3.396","0.00%"
"02/27/2024","3.399","3.377","3.408","3.377","0.59%"
"02/26/2024","3.379","3.397","3.397","3.379","-1.74%"
"02/25/2024","3.439","3.439","3.439","3.439","0.00%"
"02/24/2024","3.439","3.439","3.439","3.439","0.29%"
"02/23/2024","3.429","3.378","3.429","3.377","1.21%"
"02/22/2024","3.388","3.470","3.476","3.366","-1.60%"
"02/21/2024","3.443","3.450","3.457","3.433","-0.23%"
"02/20/2024","3.451","3.453","3.457","3.429","0.47%"
"02/19/2024","3.435","3.450","3.460","3.435","-0.29%"
"02/18/2024","3.445","3.445","3.445","3.445","0.00%"
"02/17/2024","3.445","3.445","3.445","3.445","-0.09%"
"02/16/2024","3.448","3.452","3.466","3.435","0.23%"
"02/15/2024","3.440","3.430","3.441","3.408","-0.55%"
"02/14/2024","3.459","3.487","3.501","3.457","1.89%"
"02/13/2024","3.395","3.363","3.400","3.363","1.65%"
"02/12/2024","3.340","3.340","3.340","3.340","0.00%"
"02/11/2024","3.340","3.340","3.340","3.340","0.00%"
"02/10/2024","3.340","3.340","3.340","3.340","0.00%"
"02/09/2024","3.340","3.340","3.340","3.340","0.09%"
"02/08/2024","3.337","3.332","3.338","3.315","0.54%"
"02/07/2024","3.319","3.317","3.332","3.301","0.03%"
"02/06/2024","3.318","3.359","3.366","3.315","-0.63%"
"02/05/2024","3.339","3.325","3.355","3.325","2.55%"
"02/04/2024","3.256","3.256","3.256","3.256","0.00%"
"02/03/2024","3.256","3.256","3.256","3.256","-0.12%"
"02/02/2024","3.260","3.256","3.276","3.245","-1.00%"
"02/01/2024","3.293","3.257","3.296","3.247","0.00%"
"01/31/2024","3.293","3.319","3.333","3.283","-0.36%"
"01/30/2024","3.305","3.316","3.330","3.305","-1.70%"
"01/29/2024","3.362","3.365","3.367","3.347","1.45%"
"01/26/2024","3.314","3.307","3.324","3.305","-1.43%"
"01/25/2024","3.362","3.379","3.388","3.354","0.54%"
"01/24/2024","3.344","3.347","3.369","3.344","0.57%"
"01/23/2024","3.325","3.316","3.334","3.311","0.42%"
"01/22/2024","3.311","3.339","3.339","3.310","-1.31%"
"01/21/2024","3.355","3.355","3.355","3.355","0.00%"
"01/20/2024","3.355","3.355","3.355","3.355","-0.15%"
"01/19/2024","3.360","3.351","3.374","3.345","0.84%"
"01/18/2024","3.332","3.357","3.366","3.329","0.45%"
"01/17/2024","3.317","3.310","3.329","3.307","1.47%"
"01/16/2024","3.269","3.254","3.287","3.254","1.49%"
"01/15/2024","3.221","3.224","3.233","3.217","-0.34%"
"01/14/2024","3.232","3.232","3.232","3.232","0.00%"
"01/13/2024","3.232","3.232","3.232","3.232","-0.37%"
"01/12/2024","3.244","3.227","3.249","3.224","-0.37%"
"01/11/2024","3.256","3.277","3.285","3.240","-1.18%"
"01/10/2024","3.295","3.256","3.300","3.256","0.61%"
"01/09/2024","3.275","3.270","3.285","3.266","-1.12%"
"01/08/2024","3.312","3.332","3.340","3.309","0.30%"
"01/07/2024","3.302","3.302","3.302","3.302","0.00%"
"01/06/2024","3.302","3.302","3.302","3.302","-0.39%"
"01/05/2024","3.315","3.311","3.322","3.296","1.94%"
"01/04/2024","3.252","3.289","3.294","3.252","-1.84%"
"01/03/2024","3.313","3.266","3.330","3.250","1.44%"
"01/02/2024","3.266","3.232","3.267","3.221","3.52%"
"01/01/2024","3.155","3.155","3.155","3.155","0.00%"
"12/31/2023","3.155","3.155","3.155","3.155","0.00%"
"12/30/2023","3.155","3.155","3.155","3.155","0.00%"
"12/29/2023","3.155","3.155","3.155","3.155","-0.22%"
"12/28/2023","3.162","3.174","3.177","3.162","-1.98%"
"12/27/2023","3.226","3.235","3.235","3.215","0.31%"
"12/26/2023","3.216","3.250","3.252","3.215","-0.80%"
"12/25/2023","3.242","3.242","3.242","3.242","0.00%"
"12/24/2023","3.242","3.242","3.242","3.242","0.00%"
"12/23/2023","3.242","3.242","3.242","3.242","-0.64%"
"12/22/2023","3.263","3.235","3.287","3.232","0.18%"
"12/21/2023","3.257","3.226","3.261","3.210","0.18%"
"12/20/2023","3.251","3.294","3.309","3.245","-1.54%"
"12/19/2023","3.302","3.321","3.350","3.302","0.12%"
"12/18/2023","3.298","3.313","3.324","3.283","-0.09%"
"12/17/2023","3.301","3.301","3.301","3.301","0.00%"
"12/16/2023","3.301","3.301","3.301","3.301","-0.33%"
"12/15/2023","3.312","3.303","3.335","3.303","0.33%"
"12/14/2023","3.301","3.298","3.336","3.262","-5.71%"
"12/13/2023","3.501","3.490","3.505","3.465","0.29%"
"12/12/2023","3.491","3.508","3.512","3.485","-0.85%"
"12/11/2023","3.521","3.528","3.528","3.501","1.76%"
"12/10/2023","3.460","3.460","3.460","3.460","-0.80%"
"12/08/2023","3.488","3.513","3.533","3.472","-0.97%"
"12/07/2023","3.522","3.455","3.543","3.453","1.32%"
"12/06/2023","3.476","3.490","3.495","3.460","-1.33%"
"12/05/2023","3.523","3.552","3.566","3.523","-1.01%"
"12/04/2023","3.559","3.563","3.573","3.555","-1.69%"
"12/03/2023","3.620","3.620","3.620","3.620","0.00%"
"12/02/2023","3.620","3.620","3.620","3.620","0.25%"
"12/01/2023","3.611","3.617","3.631","3.600","-0.30%"
"11/30/2023","3.622","3.584","3.628","3.565","1.23%"
"11/29/2023","3.578","3.615","3.618","3.573","-2.51%"
"11/28/2023","3.670","3.686","3.686","3.662","-1.42%"
"11/27/2023","3.723","3.753","3.771","3.720","0.08%"
"11/26/2023","3.720","3.720","3.720","3.720","-0.03%"
"11/25/2023","3.721","3.720","3.721","3.720","-0.03%"
"11/24/2023","3.722","3.713","3.732","3.701","1.20%"
"11/23/2023","3.678","3.701","3.705","3.672","-0.73%"
"11/22/2023","3.705","3.670","3.709","3.665","0.76%"
"11/21/2023","3.677","3.680","3.683","3.659","-0.78%"
"11/20/2023","3.706","3.722","3.722","3.694","-0.38%"
"11/19/2023","3.720","3.720","3.720","3.720","0.00%"
"11/18/2023","3.720","3.720","3.720","3.720","0.03%"
"11/17/2023","3.719","3.698","3.719","3.654","-0.29%"
"11/16/2023","3.730","3.776","3.778","3.722","-0.69%"
"11/15/2023","3.756","3.780","3.782","3.747","-4.01%"
"11/14/2023","3.913","3.934","3.934","3.902","-0.31%"
"11/13/2023","3.925","3.929","3.939","3.916","0.85%"
"11/12/2023","3.892","3.892","3.892","3.892","0.00%"
"11/11/2023","3.892","3.892","3.892","3.892","-0.49%"
"11/10/2023","3.911","3.947","3.951","3.910","0.44%"
"11/09/2023","3.894","3.886","3.910","3.872","-0.87%"
"11/08/2023","3.928","3.900","3.930","3.881","-0.86%"
"11/07/2023","3.962","3.975","3.979","3.946","0.23%"
"11/06/2023","3.953","3.956","3.963","3.947","-1.54%"
"11/05/2023","4.015","4.015","4.015","4.015","0.00%"
"11/04/2023","4.015","4.015","4.015","4.015","-0.15%"
"11/03/2023","4.021","4.034","4.049","4.008","-1.25%"
"11/02/2023","4.072","4.067","4.073","4.029","-2.44%"
"11/01/2023","4.174","4.210","4.227","4.174","-0.67%"
"10/31/2023","4.202","4.219","4.236","4.187","-0.21%"
"10/30/2023","4.211","4.193","4.227","4.177","0.91%"
"10/29/2023","4.173","4.173","4.173","4.173","0.00%"
"10/28/2023","4.173","4.173","4.173","4.173","-0.07%"
"10/27/2023","4.176","4.156","4.176","4.137","-1.32%"
"10/26/2023","4.232","4.210","4.240","4.199","2.10%"
"10/25/2023","4.145","4.149","4.170","4.125","0.02%"
"10/24/2023","4.144","4.188","4.188","4.144","-1.82%"
"10/23/2023","4.221","4.200","4.237","4.175","1.08%"
"10/22/2023","4.176","4.176","4.176","4.176","0.00%"
"10/21/2023","4.176","4.176","4.176","4.176","-0.22%"
"10/20/2023","4.185","4.198","4.212","4.168","-0.85%"
"10/19/2023","4.221","4.193","4.242","4.184","1.69%"
"10/18/2023","4.151","4.177","4.182","4.142","1.29%"
"10/17/2023","4.098","4.060","4.103","4.054","0.91%"
"10/16/2023","4.061","4.047","4.063","4.033","0.59%"
"10/15/2023","4.037","4.037","4.037","4.037","0.00%"
"10/14/2023","4.037","4.037","4.037","4.037","0.05%"
"10/13/2023","4.035","4.057","4.070","4.031","0.77%"
"10/12/2023","4.004","3.997","4.017","3.997","-1.09%"
"10/11/2023","4.048","4.024","4.055","4.024","-0.91%"
"10/10/2023","4.085","4.020","4.090","4.016","-0.37%"
"10/09/2023","4.100","4.100","4.100","4.100","0.00%"
"10/08/2023","4.100","4.100","4.100","4.100","0.00%"
"10/07/2023","4.100","4.100","4.100","4.100","-0.19%"
"10/06/2023","4.108","4.092","4.120","4.086","-1.77%"
"10/05/2023","4.182","4.124","4.198","4.093","-0.40%"
"10/04/2023","4.199","4.095","4.199","4.088","6.98%"
"10/03/2023","3.925","3.925","3.925","3.925","0.00%"
"10/02/2023","3.925","3.925","3.925","3.925","0.00%"
"10/01/2023","3.925","3.925","3.925","3.925","0.00%"
"09/30/2023","3.925","3.925","3.925","3.925","0.00%"
"09/29/2023","3.925","3.925","3.925","3.925","0.00%"
"09/28/2023","3.925","3.925","3.925","3.925","-0.51%"
"09/27/2023","3.945","3.948","3.968","3.942","-0.18%"
"09/26/2023","3.952","3.971","3.982","3.948","0.74%"
"09/25/2023","3.923","3.907","3.934","3.903","0.28%"
"09/24/2023","3.912","3.912","3.912","3.912","0.00%"
"09/23/2023","3.912","3.912","3.912","3.912","-0.76%"
"09/22/2023","3.942","3.975","3.989","3.940","-0.83%"
"09/21/2023","3.975","3.969","3.988","3.965","1.25%"
"09/20/2023","3.926","3.933","3.959","3.926","0.23%"
"09/19/2023","3.917","3.911","3.920","3.890","-0.46%"
"09/18/2023","3.935","3.913","3.942","3.913","1.55%"
"09/17/2023","3.875","3.877","3.880","3.875","0.00%"
"09/16/2023","3.875","3.879","3.880","3.875","-0.15%"
"09/15/2023","3.881","3.881","3.881","3.848","0.47%"
"09/14/2023","3.863","3.858","3.871","3.840","-0.77%"
"09/13/2023","3.893","3.898","3.922","3.888","0.08%"
"09/12/2023","3.890","3.899","3.902","3.867","-0.10%"
"09/11/2023","3.894","3.840","3.900","3.840","2.47%"
"09/10/2023","3.800","3.800","3.800","3.800","0.00%"
"09/09/2023","3.800","3.800","3.800","3.800","0.00%"
"09/08/2023","3.800","3.855","3.866","3.800","-2.46%"
"09/07/2023","3.896","3.866","3.940","3.860","2.28%"
"09/06/2023","3.809","3.831","3.850","3.799","-0.10%"
"09/05/2023","3.813","3.818","3.823","3.786","0.90%"
"09/04/2023","3.779","3.730","3.781","3.730","1.72%"
"09/03/2023","3.715","3.715","3.715","3.715","0.00%"
"09/02/2023","3.715","3.715","3.715","3.715","-0.11%"
"09/01/2023","3.719","3.733","3.735","3.703","-0.67%"
"08/31/2023","3.744","3.760","3.761","3.729","-0.95%"
"08/30/2023","3.780","3.746","3.785","3.737","0.32%"
"08/29/2023","3.768","3.780","3.789","3.751","-0.71%"
"08/28/2023","3.795","3.831","3.860","3.793","-1.22%"
"08/27/2023","3.842","3.842","3.842","3.842","0.00%"
"08/26/2023","3.842","3.842","3.842","3.842","-0.03%"
"08/25/2023","3.843","3.808","3.845","3.805","0.95%"
"08/24/2023","3.807","3.786","3.807","3.764","-0.34%"
"08/23/2023","3.820","3.861","3.862","3.813","-1.24%"
"08/22/2023","3.868","3.895","3.895","3.842","-0.03%"
"08/21/2023","3.869","3.813","3.875","3.809","1.92%"
"08/20/2023","3.796","3.796","3.796","3.796","0.00%"
"08/19/2023","3.796","3.796","3.796","3.796","-0.29%"
"08/18/2023","3.807","3.852","3.864","3.798","-1.60%"
"08/17/2023","3.869","3.815","3.876","3.813","2.46%"
"08/16/2023","3.776","3.798","3.811","3.774","-0.63%"
"08/15/2023","3.800","3.800","3.800","3.800","0.24%"
"08/14/2023","3.791","3.781","3.797","3.780","1.64%"
"08/13/2023","3.730","3.730","3.730","3.730","0.00%"
"08/12/2023","3.730","3.730","3.730","3.730","-0.16%"
"08/11/2023","3.736","3.735","3.764","3.730","0.70%"
"08/10/2023","3.710","3.713","3.729","3.706","0.71%"
"08/09/2023","3.684","3.648","3.684","3.648","0.74%"
"08/08/2023","3.657","3.709","3.709","3.655","-1.40%"
"08/07/2023","3.709","3.720","3.726","3.692","-1.75%"
"08/06/2023","3.775","3.775","3.775","3.775","0.00%"
"08/05/2023","3.775","3.775","3.775","3.775","-0.21%"
"08/04/2023","3.783","3.760","3.789","3.738","1.04%"
"08/03/2023","3.744","3.720","3.747","3.709","0.56%"
"08/02/2023","3.723","3.685","3.739","3.685","1.61%"
"08/01/2023","3.664","3.665","3.682","3.648","-0.84%"
"07/31/2023","3.695","3.665","3.703","3.665","1.23%"
"07/30/2023","3.650","3.650","3.650","3.650","0.00%"
"07/29/2023","3.650","3.650","3.650","3.650","0.25%"
"07/28/2023","3.641","3.636","3.686","3.624","1.48%"
"07/27/2023","3.588","3.612","3.628","3.573","-0.99%"
"07/26/2023","3.624","3.635","3.660","3.623","-0.63%"
"07/25/2023","3.647","3.615","3.649","3.593","1.17%"
"07/24/2023","3.605","3.611","3.618","3.586","0.14%"
"07/23/2023","3.600","3.600","3.600","3.600","0.00%"
"07/22/2023","3.600","3.600","3.600","3.600","-0.03%"
"07/21/2023","3.601","3.608","3.640","3.598","0.56%"
"07/20/2023","3.581","3.563","3.589","3.563","1.16%"
"07/19/2023","3.540","3.602","3.602","3.540","-1.88%"
"07/18/2023","3.608","3.615","3.616","3.591","-0.52%"
"07/17/2023","3.627","3.651","3.651","3.614","-0.27%"
"07/16/2023","3.637","3.637","3.637","3.637","0.00%"
"07/15/2023","3.637","3.637","3.637","3.637","0.19%"
"07/14/2023","3.630","3.606","3.630","3.576","0.55%"
"07/13/2023","3.610","3.650","3.654","3.594","-2.83%"
"07/12/2023","3.715","3.720","3.754","3.696","-0.32%"
"07/11/2023","3.727","3.766","3.766","3.713","-2.05%"
"07/10/2023","3.805","3.737","3.806","3.737","2.01%"
"07/09/2023","3.730","3.730","3.730","3.730","0.00%"
"07/08/2023","3.730","3.730","3.730","3.730","-0.08%"
"07/07/2023","3.733","3.742","3.769","3.726","1.72%"
"07/06/2023","3.670","3.648","3.680","3.644","1.63%"
"07/05/2023","3.611","3.578","3.628","3.577","0.42%"
"07/04/2023","3.596","3.563","3.602","3.551","-0.03%"
"07/03/2023","3.597","3.667","3.667","3.596","-1.45%"
"07/02/2023","3.650","3.650","3.650","3.650","0.00%"
"07/01/2023","3.650","3.650","3.650","3.650","-0.79%"
"06/30/2023","3.679","3.651","3.710","3.651","2.56%"
"06/29/2023","3.587","3.549","3.592","3.549","0.36%"
"06/28/2023","3.574","3.582","3.592","3.502","0.25%"
"06/27/2023","3.565","3.553","3.578","3.550","-0.31%"
"06/26/2023","3.576","3.603","3.606","3.565","-1.22%"
"06/25/2023","3.620","3.620","3.620","3.620","0.00%"
"06/24/2023","3.620","3.620","3.620","3.620","0.11%"
"06/23/2023","3.616","3.629","3.631","3.590","0.50%"
"06/22/2023","3.598","3.563","3.602","3.561","0.47%"
"06/21/2023","3.581","3.566","3.583","3.547","0.22%"
"06/20/2023","3.573","3.621","3.635","3.553","-0.56%"
"06/19/2023","3.593","3.604","3.635","3.587","-0.19%"
"06/18/2023","3.600","3.600","3.600","3.600","0.00%"
"06/17/2023","3.600","3.600","3.600","3.600","0.00%"
"06/16/2023","3.600","3.600","3.613","3.586","-1.02%"
"06/15/2023","3.637","3.549","3.664","3.549","1.71%"
"06/14/2023","3.576","3.567","3.586","3.555","2.11%"
"06/13/2023","3.502","3.480","3.502","3.471","0.11%"
"06/12/2023","3.498","3.500","3.516","3.484","-0.20%"
"06/11/2023","3.505","3.505","3.505","3.505","0.00%"
"06/10/2023","3.505","3.505","3.505","3.505","0.40%"
"06/09/2023","3.491","3.504","3.517","3.488","-1.19%"
"06/08/2023","3.533","3.512","3.546","3.511","2.49%"
"06/07/2023","3.447","3.474","3.495","3.427","-0.81%"
"06/06/2023","3.475","3.475","3.475","3.475","-0.43%"
"06/05/2023","3.490","3.472","3.493","3.460","2.35%"
"06/04/2023","3.410","3.410","3.410","3.410","0.15%"
"06/02/2023","3.405","3.431","3.434","3.401","-1.67%"
"06/01/2023","3.463","3.440","3.482","3.430","0.32%"
"05/31/2023","3.452","3.539","3.539","3.451","-3.71%"
"05/30/2023","3.585","3.564","3.603","3.559","0.76%"
"05/29/2023","3.558","3.558","3.558","3.558","0.00%"
"05/28/2023","3.558","3.558","3.558","3.558","0.00%"
"05/27/2023","3.558","3.558","3.558","3.558","0.31%"
"05/26/2023","3.547","3.581","3.600","3.544","1.43%"
"05/25/2023","3.497","3.429","3.530","3.406","3.10%"
"05/24/2023","3.392","3.389","3.392","3.347","0.33%"
"05/23/2023","3.381","3.337","3.381","3.336","1.78%"
"05/22/2023","3.322","3.336","3.344","3.309","-0.21%"
"05/21/2023","3.329","3.329","3.329","3.329","0.00%"
"05/20/2023","3.329","3.329","3.329","3.329","-0.15%"
"05/19/2023","3.334","3.360","3.366","3.334","1.21%"
"05/18/2023","3.294","3.282","3.309","3.270","1.79%"
"05/17/2023","3.236","3.234","3.254","3.228","0.62%"
"05/16/2023","3.216","3.253","3.261","3.210","-1.20%"
"05/15/2023","3.255","3.254","3.256","3.243","1.56%"
"05/14/2023","3.205","3.205","3.205","3.205","0.00%"
"05/13/2023","3.205","3.205","3.205","3.205","0.19%"
"05/12/2023","3.199","3.205","3.208","3.176","-0.19%"
"05/11/2023","3.205","3.212","3.225","3.205","-1.69%"
"05/10/2023","3.260","3.241","3.266","3.236","0.87%"
"05/09/2023","3.232","3.256","3.287","3.232","-0.22%"
"05/08/2023","3.239","3.241","3.241","3.222","1.22%"
"05/07/2023","3.200","3.200","3.200","3.200","0.00%"
"05/06/2023","3.200","3.200","3.200","3.200","0.00%"
"05/05/2023","3.200","3.200","3.200","3.200","0.25%"
"05/04/2023","3.192","3.208","3.226","3.181","-2.44%"
"05/03/2023","3.272","3.282","3.282","3.253","-1.77%"
"05/02/2023","3.331","3.326","3.352","3.322","0.94%"
"05/01/2023","3.300","3.300","3.300","3.300","0.00%"
"04/30/2023","3.300","3.300","3.300","3.300","0.00%"
"04/29/2023","3.300","3.300","3.300","3.300","0.36%"
"04/28/2023","3.288","3.341","3.352","3.288","0.49%"
"04/27/2023","3.272","3.255","3.279","3.248","0.40%"
"04/26/2023","3.259","3.222","3.259","3.219","-0.37%"
"04/25/2023","3.271","3.227","3.274","3.227","0.58%"
"04/24/2023","3.252","3.283","3.288","3.244","-0.25%"
"04/23/2023","3.260","3.260","3.260","3.260","0.00%"
"04/22/2023","3.260","3.260","3.260","3.260","-0.55%"
"04/21/2023","3.278","3.325","3.325","3.268","-2.00%"
"04/20/2023","3.345","3.353","3.387","3.336","0.39%"
"04/19/2023","3.332","3.323","3.334","3.292","1.40%"
"04/18/2023","3.286","3.320","3.341","3.283","0.06%"
"04/17/2023","3.284","3.277","3.295","3.256","2.27%"
"04/16/2023","3.211","3.211","3.211","3.211","0.00%"
"04/15/2023","3.211","3.211","3.211","3.211","0.34%"
"04/14/2023","3.200","3.225","3.244","3.184","0.28%"
"04/13/2023","3.191","3.213","3.235","3.189","-0.44%"
"04/12/2023","3.205","3.184","3.231","3.179","0.22%"
"04/11/2023","3.198","3.163","3.215","3.136","0.82%"
"04/10/2023","3.172","3.247","3.259","3.168","-1.34%"
"04/09/2023","3.215","3.215","3.215","3.215","0.00%"
"04/08/2023","3.215","3.215","3.215","3.215","0.16%"
"04/07/2023","3.210","3.219","3.250","3.203","0.50%"
"04/06/2023","3.194","3.207","3.222","3.169","-1.11%"
"04/05/2023","3.230","3.206","3.232","3.191","-0.74%"
"04/04/2023","3.254","3.265","3.278","3.235","-2.84%"
"04/03/2023","3.349","3.300","3.349","3.288","1.64%"
"04/02/2023","3.295","3.295","3.295","3.295","0.00%"
"04/01/2023","3.295","3.295","3.295","3.295","0.86%"
"03/31/2023","3.267","3.285","3.307","3.250","0.43%"
"03/30/2023","3.253","3.249","3.297","3.236","-0.25%"
"03/29/2023","3.261","3.269","3.308","3.238","0.03%"
"03/28/2023","3.260","3.240","3.262","3.206","1.15%"
"03/27/2023","3.223","3.164","3.229","3.124","1.83%"
"03/26/2023","3.165","3.165","3.165","3.165","0.00%"
"03/25/2023","3.165","3.165","3.165","3.165","0.29%"
"03/24/2023","3.156","3.181","3.181","3.132","-0.85%"
"03/23/2023","3.183","3.210","3.263","3.175","-2.75%"
"03/22/2023","3.273","3.281","3.320","3.270","-0.03%"
"03/21/2023","3.274","3.267","3.285","3.209","0.34%"
"03/20/2023","3.263","3.330","3.365","3.262","-2.80%"
"03/19/2023","3.357","3.357","3.357","3.357","0.00%"
"03/18/2023","3.357","3.357","3.357","3.357","-0.53%"
"03/17/2023","3.375","3.435","3.435","3.369","0.42%"
"03/16/2023","3.361","3.245","3.373","3.245","-1.84%"
"03/15/2023","3.424","3.377","3.743","3.377","3.13%"
"03/14/2023","3.320","3.240","3.370","3.183","-2.18%"
"03/13/2023","3.394","3.474","3.525","3.386","-5.98%"
"03/12/2023","3.610","3.610","3.610","3.610","0.00%"
"03/11/2023","3.610","3.610","3.610","3.610","-0.17%"
"03/10/2023","3.616","3.680","3.684","3.605","-5.44%"
"03/09/2023","3.824","3.800","3.842","3.779","0.00%"
"03/08/2023","3.824","3.787","3.848","3.781","2.80%"
"03/07/2023","3.720","3.768","3.799","3.720","-1.82%"
"03/06/2023","3.789","3.741","3.810","3.726","-0.42%"
"03/05/2023","3.805","3.805","3.805","3.805","0.00%"
"03/04/2023","3.805","3.805","3.805","3.805","-0.42%"
"03/03/2023","3.821","3.939","3.949","3.821","-2.48%"
"03/02/2023","3.918","3.890","3.931","3.851","2.30%"
"03/01/2023","3.830","3.830","3.830","3.830","0.00%"
"02/28/2023","3.830","3.683","3.830","3.679","4.02%"
"02/27/2023","3.682","3.650","3.694","3.638","3.22%"
"02/26/2023","3.567","3.567","3.567","3.567","0.00%"
"02/25/2023","3.567","3.567","3.567","3.567","-0.06%"
"02/24/2023","3.569","3.616","3.616","3.565","-1.44%"
"02/23/2023","3.621","3.671","3.710","3.619","-1.90%"
"02/22/2023","3.691","3.729","3.740","3.658","1.37%"
"02/21/2023","3.641","3.683","3.717","3.641","-0.76%"
"02/20/2023","3.669","3.622","3.669","3.615","0.80%"
"02/19/2023","3.640","3.640","3.640","3.640","0.00%"
"02/18/2023","3.640","3.640","3.640","3.640","-0.33%"
"02/17/2023","3.652","3.571","3.687","3.571","4.28%"
"02/16/2023","3.502","3.526","3.552","3.442","0.20%"
"02/15/2023","3.495","3.455","3.499","3.455","2.16%"
"02/14/2023","3.421","3.452","3.455","3.407","-1.36%"
"02/13/2023","3.468","3.430","3.499","3.424","2.54%"
"02/12/2023","3.382","3.382","3.382","3.382","0.00%"
"02/11/2023","3.382","3.382","3.382","3.382","-0.12%"
"02/10/2023","3.386","3.423","3.441","3.372","-0.12%"
"02/09/2023","3.390","3.321","3.392","3.321","1.86%"
"02/08/2023","3.328","3.282","3.347","3.281","0.39%"
"02/07/2023","3.315","3.376","3.376","3.295","1.47%"
"02/06/2023","3.267","3.273","3.296","3.266","5.22%"
"02/05/2023","3.105","3.105","3.105","3.105","0.00%"
"02/04/2023","3.105","3.105","3.105","3.105","0.29%"
"02/03/2023","3.096","3.168","3.168","3.055","-2.46%"
"02/02/2023","3.174","3.191","3.216","3.154","-2.13%"
"02/01/2023","3.243","3.280","3.286","3.234","-2.08%"
"01/31/2023","3.312","3.266","3.320","3.246","2.22%"
"01/30/2023","3.240","3.284","3.313","3.240","-1.07%"
"01/29/2023","3.275","3.275","3.275","3.275","0.00%"
"01/28/2023","3.275","3.275","3.275","3.275","0.24%"
"01/27/2023","3.267","3.263","3.282","3.261","1.05%"
"01/26/2023","3.233","3.220","3.254","3.216","-0.22%"
"01/25/2023","3.240","3.300","3.300","3.239","-1.43%"
"01/24/2023","3.287","3.287","3.287","3.287","0.00%"
"01/23/2023","3.287","3.287","3.287","3.287","0.00%"
"01/22/2023","3.287","3.287","3.287","3.287","0.00%"
"01/21/2023","3.287","3.287","3.287","3.287","-0.54%"
"01/20/2023","3.305","3.287","3.310","3.257","3.18%"
"01/19/2023","3.203","3.280","3.300","3.190","-4.56%"
"01/18/2023","3.356","3.406","3.429","3.216","-2.61%"
"01/17/2023","3.446","3.356","3.450","3.346","2.38%"
"01/16/2023","3.366","3.298","3.370","3.294","3.09%"
"01/15/2023","3.265","3.265","3.265","3.265","0.00%"
"01/14/2023","3.265","3.265","3.265","3.265","-0.31%"
"01/13/2023","3.275","3.344","3.381","3.272","-3.82%"
"01/12/2023","3.405","3.391","3.405","3.340","-0.18%"
"01/11/2023","3.411","3.456","3.463","3.411","-2.12%"
"01/10/2023","3.485","3.489","3.510","3.456","-0.26%"
"01/09/2023","3.494","3.520","3.522","3.489","-3.61%"
"01/08/2023","3.625","3.625","3.625","3.625","0.00%"
"01/07/2023","3.625","3.625","3.625","3.625","0.03%"
"01/06/2023","3.624","3.615","3.642","3.605","0.53%"
"01/05/2023","3.605","3.609","3.624","3.584","-0.33%"
"01/04/2023","3.617","3.667","3.667","3.590","-1.55%"
"01/03/2023","3.674","3.736","3.736","3.665","-3.65%"
"01/02/2023","3.813","3.796","3.820","3.779","1.98%"
"01/01/2023","3.739","3.739","3.739","3.739","0.00%"
"12/31/2022","3.739","3.739","3.739","3.739","0.00%"
"12/30/2022","3.739","3.740","3.740","3.739","-0.27%"
"12/29/2022","3.749","3.728","3.753","3.728","2.07%"
"12/28/2022","3.673","3.733","3.753","3.672","0.69%"
"12/27/2022","3.648","3.627","3.657","3.617","0.30%"
"12/26/2022","3.637","3.573","3.637","3.559","2.31%"
"12/25/2022","3.555","3.555","3.555","3.555","0.00%"
"12/24/2022","3.555","3.555","3.555","3.555","-0.50%"
"12/23/2022","3.573","3.515","3.573","3.507","2.35%"
"12/22/2022","3.491","3.538","3.539","3.491","-1.69%"
"12/21/2022","3.551","3.619","3.619","3.551","-1.99%"
"12/20/2022","3.623","3.489","3.646","3.477","5.35%"
"12/19/2022","3.439","3.443","3.478","3.434","-0.32%"
"12/18/2022","3.450","3.450","3.450","3.450","0.00%"
"12/17/2022","3.450","3.450","3.450","3.450","0.70%"
"12/16/2022","3.426","3.457","3.457","3.410","-0.95%"
"12/15/2022","3.459","3.499","3.500","3.458","-0.37%"
"12/14/2022","3.472","3.569","3.569","3.472","-3.13%"
"12/13/2022","3.584","3.588","3.602","3.574","0.17%"
"12/12/2022","3.578","3.588","3.590","3.565","0.42%"
"12/11/2022","3.563","3.563","3.563","3.563","0.00%"
"12/10/2022","3.563","3.563","3.563","3.563","-0.67%"
"12/09/2022","3.587","3.611","3.616","3.587","-0.69%"
"12/08/2022","3.612","3.595","3.623","3.595","-0.11%"
"12/07/2022","3.616","3.604","3.642","3.599","0.53%"
"12/06/2022","3.597","3.612","3.626","3.584","-0.44%"
"12/05/2022","3.613","3.621","3.645","3.613","-0.33%"
"12/04/2022","3.625","3.625","3.625","3.625","0.00%"
"12/03/2022","3.625","3.625","3.625","3.625","-0.30%"
"12/02/2022","3.636","3.641","3.648","3.622","-1.41%"
"12/01/2022","3.688","3.648","3.701","3.628","0.05%"
"11/30/2022","3.686","3.710","3.714","3.670","-1.02%"
"11/29/2022","3.724","3.679","3.730","3.665","1.33%"
"11/28/2022","3.675","3.675","3.690","3.653","0.46%"
"11/27/2022","3.658","3.658","3.658","3.658","0.00%"
"11/26/2022","3.658","3.658","3.658","3.658","-0.41%"
"11/25/2022","3.673","3.715","3.742","3.644","-1.18%"
"11/24/2022","3.717","3.798","3.798","3.700","-4.05%"
"11/23/2022","3.874","3.857","3.910","3.840","0.62%"
"11/22/2022","3.850","3.855","3.866","3.834","-0.31%"
"11/21/2022","3.862","3.877","3.877","3.830","0.47%"
"11/20/2022","3.844","3.844","3.844","3.844","0.00%"
"11/19/2022","3.844","3.844","3.844","3.844","-0.47%"
"11/18/2022","3.862","3.901","3.904","3.855","0.08%"
"11/17/2022","3.859","3.800","3.866","3.799","-0.08%"
"11/16/2022","3.862","3.806","3.868","3.806","1.05%"
"11/15/2022","3.822","3.907","3.907","3.815","-2.67%"
"11/14/2022","3.927","3.903","3.932","3.887","0.82%"
"11/13/2022","3.895","3.895","3.895","3.895","0.00%"
"11/12/2022","3.895","3.895","3.895","3.895","0.03%"
"11/11/2022","3.894","3.855","3.908","3.843","-5.37%"
"11/10/2022","4.115","4.130","4.135","4.090","-1.34%"
"11/09/2022","4.171","4.193","4.209","4.148","-2.18%"
"11/08/2022","4.264","4.287","4.300","4.219","-0.56%"
"11/07/2022","4.288","4.234","4.299","4.230","1.97%"
"11/06/2022","4.205","4.205","4.205","4.205","0.00%"
"11/05/2022","4.205","4.205","4.205","4.205","0.19%"
"11/04/2022","4.197","4.236","4.237","4.183","-1.41%"
"11/03/2022","4.257","4.217","4.260","4.210","2.21%"
"11/02/2022","4.165","4.165","4.198","4.160","-0.43%"
"11/01/2022","4.183","4.270","4.270","4.146","-1.95%"
"10/31/2022","4.266","4.229","4.282","4.220","1.69%"
"10/30/2022","4.195","4.195","4.195","4.195","0.00%"
"10/29/2022","4.195","4.195","4.195","4.195","0.14%"
"10/28/2022","4.189","4.252","4.264","4.183","-2.38%"
"10/27/2022","4.291","4.254","4.303","4.232","-0.16%"
"10/26/2022","4.298","4.347","4.411","4.276","-2.36%"
"10/25/2022","4.402","4.512","4.535","4.396","-1.70%"
"10/24/2022","4.478","4.516","4.516","4.459","-3.30%"
"10/23/2022","4.631","4.631","4.631","4.631","0.00%"
"10/22/2022","4.631","4.631","4.631","4.631","-0.37%"
"10/21/2022","4.648","4.523","4.648","4.503","5.47%"
"10/20/2022","4.407","4.349","4.473","4.347","0.41%"
"10/19/2022","4.389","4.350","4.390","4.315","2.33%"
"10/18/2022","4.289","4.265","4.316","4.242","1.42%"
"10/17/2022","4.229","4.265","4.311","4.225","0.55%"
"10/16/2022","4.206","4.206","4.206","4.206","0.00%"
"10/15/2022","4.206","4.206","4.206","4.206","-0.59%"
"10/14/2022","4.231","4.285","4.292","4.173","0.21%"
"10/13/2022","4.222","4.134","4.234","4.134","2.35%"
"10/12/2022","4.125","4.291","4.357","4.078","-4.16%"
"10/11/2022","4.304","4.318","4.344","4.288","1.87%"
"10/10/2022","4.225","4.225","4.225","4.225","0.00%"
"10/09/2022","4.225","4.225","4.225","4.225","0.00%"
"10/08/2022","4.225","4.225","4.225","4.225","0.12%"
"10/07/2022","4.220","4.247","4.251","4.178","2.30%"
"10/06/2022","4.125","4.191","4.194","4.106","0.63%"
"10/05/2022","4.099","4.000","4.127","4.000","1.21%"
"10/04/2022","4.050","4.106","4.110","4.000","-2.99%"
"10/03/2022","4.175","4.175","4.175","4.175","0.00%"
"10/02/2022","4.175","4.175","4.175","4.175","0.00%"
"10/01/2022","4.175","4.175","4.175","4.175","-0.31%"
"09/30/2022","4.188","4.330","4.330","4.188","-3.50%"
"09/29/2022","4.340","4.211","4.347","4.176","0.39%"
"09/28/2022","4.323","4.432","4.610","4.290","-0.51%"
"09/27/2022","4.345","4.514","4.533","4.341","-3.42%"
"09/26/2022","4.499","4.301","4.499","4.301","6.43%"
"09/25/2022","4.227","4.227","4.227","4.227","0.00%"
"09/24/2022","4.227","4.227","4.227","4.227","1.12%"
"09/23/2022","4.180","4.201","4.343","4.180","2.58%"
"09/22/2022","4.075","4.001","4.081","4.001","4.06%"
"09/21/2022","3.916","3.889","3.941","3.889","2.33%"
"09/20/2022","3.827","3.794","3.855","3.776","1.16%"
"09/19/2022","3.783","3.755","3.824","3.755","0.34%"
"09/18/2022","3.770","3.770","3.770","3.770","0.00%"
"09/17/2022","3.770","3.770","3.770","3.770","0.05%"
"09/16/2022","3.768","3.757","3.809","3.748","-0.24%"
"09/15/2022","3.777","3.631","3.784","3.630","4.16%"
"09/14/2022","3.626","3.732","3.755","3.623","0.42%"
"09/13/2022","3.611","3.637","3.667","3.610","0.31%"
"09/12/2022","3.600","3.600","3.600","3.600","0.00%"
"09/11/2022","3.600","3.600","3.600","3.600","0.00%"
"09/10/2022","3.600","3.600","3.600","3.600","0.00%"
"09/09/2022","3.600","3.600","3.600","3.600","0.00%"
"09/08/2022","3.600","3.730","3.730","3.599","-4.10%"
"09/07/2022","3.754","3.811","3.818","3.751","0.56%"
"09/06/2022","3.733","3.700","3.740","3.652","1.28%"
"09/05/2022","3.686","3.740","3.754","3.680","-1.97%"
"09/04/2022","3.760","3.760","3.760","3.760","0.00%"
"09/03/2022","3.760","3.760","3.760","3.760","-0.32%"
"09/02/2022","3.772","3.836","3.868","3.771","-2.41%"
"09/01/2022","3.865","3.856","3.871","3.841","1.66%"
"08/31/2022","3.802","3.764","3.837","3.761","1.63%"
"08/30/2022","3.741","3.740","3.787","3.731","-0.51%"
"08/29/2022","3.760","3.726","3.783","3.721","3.52%"
"08/28/2022","3.632","3.632","3.632","3.632","0.00%"
"08/27/2022","3.632","3.632","3.632","3.632","0.61%"
"08/26/2022","3.610","3.586","3.619","3.541","0.33%"
"08/25/2022","3.598","3.444","3.599","3.397","6.14%"
"08/24/2022","3.390","3.331","3.395","3.329","1.13%"
"08/23/2022","3.352","3.341","3.375","3.335","0.87%"
"08/22/2022","3.323","3.316","3.350","3.316","1.56%"
"08/21/2022","3.272","3.272","3.272","3.272","0.00%"
"08/20/2022","3.272","3.272","3.272","3.272","-0.24%"
"08/19/2022","3.280","3.194","3.284","3.194","2.89%"
"08/18/2022","3.188","3.174","3.196","3.151","1.46%"
"08/17/2022","3.142","3.145","3.164","3.134","0.38%"
"08/16/2022","3.130","3.178","3.178","3.126","-3.16%"
"08/15/2022","3.232","3.232","3.232","3.232","0.00%"
"08/14/2022","3.232","3.232","3.232","3.232","0.00%"
"08/13/2022","3.232","3.232","3.232","3.232","-0.68%"
"08/12/2022","3.254","3.251","3.256","3.223","1.81%"
"08/11/2022","3.196","3.145","3.207","3.145","0.31%"
"08/10/2022","3.186","3.160","3.190","3.160","1.08%"
"08/09/2022","3.152","3.128","3.170","3.128","-0.10%"
"08/08/2022","3.155","3.136","3.197","3.136","1.94%"
"08/07/2022","3.095","3.095","3.095","3.095","0.00%"
"08/06/2022","3.095","3.095","3.095","3.095","-0.13%"
"08/05/2022","3.099","3.112","3.129","3.093","-0.55%"
"08/04/2022","3.116","3.113","3.116","3.073","0.03%"
"08/03/2022","3.115","3.129","3.162","3.102","1.43%"
"08/02/2022","3.071","3.072","3.075","3.033","-1.88%"
"08/01/2022","3.130","3.126","3.138","3.079","2.45%"
"07/31/2022","3.055","3.055","3.055","3.055","0.00%"
"07/30/2022","3.055","3.055","3.055","3.055","-0.39%"
"07/29/2022","3.067","3.092","3.104","3.028","-3.67%"
"07/28/2022","3.184","3.132","3.189","3.109","0.70%"
"07/27/2022","3.162","3.215","3.229","3.157","-1.25%"
"07/26/2022","3.202","3.224","3.245","3.195","-0.74%"
"07/25/2022","3.226","3.230","3.239","3.194","-1.95%"
"07/23/2022","3.290","3.290","3.290","3.290","-0.33%"
"07/22/2022","3.301","3.306","3.316","3.280","-2.05%"
"07/21/2022","3.370","3.361","3.380","3.328","-0.24%"
"07/20/2022","3.378","3.289","3.380","3.279","3.46%"
"07/19/2022","3.265","3.295","3.311","3.256","-0.31%"
"07/18/2022","3.275","3.273","3.278","3.221","0.58%"
"07/17/2022","3.256","3.256","3.256","3.256","-0.73%"
"07/15/2022","3.280","3.283","3.319","3.260","-1.26%"
"07/14/2022","3.322","3.300","3.375","3.293","1.40%"
"07/13/2022","3.276","3.341","3.341","3.210","-2.24%"
"07/12/2022","3.351","3.366","3.382","3.303","-0.68%"
"07/11/2022","3.374","3.377","3.409","3.369","0.96%"
"07/10/2022","3.342","3.342","3.342","3.342","-0.12%"
"07/08/2022","3.346","3.330","3.360","3.310","2.04%"
"07/07/2022","3.279","3.324","3.324","3.231","0.24%"
"07/06/2022","3.271","3.330","3.346","3.241","-3.22%"
"07/05/2022","3.380","3.476","3.507","3.374","-3.54%"
"07/04/2022","3.504","3.466","3.514","3.436","0.11%"
"07/03/2022","3.500","3.500","3.500","3.500","0.00%"
"07/02/2022","3.500","3.500","3.500","3.500","0.14%"
"07/01/2022","3.495","3.593","3.593","3.485","-4.46%"
"06/30/2022","3.658","3.658","3.684","3.654","-0.68%"
"06/29/2022","3.683","3.735","3.741","3.674","0.27%"
"06/28/2022","3.673","3.756","3.756","3.673","-1.48%"
"06/27/2022","3.728","3.700","3.738","3.700","1.80%"
"06/26/2022","3.662","3.662","3.662","3.662","0.00%"
"06/25/2022","3.662","3.662","3.662","3.662","-0.27%"
"06/24/2022","3.672","3.681","3.721","3.662","-2.05%"
"06/23/2022","3.749","3.647","3.755","3.631","0.24%"
"06/22/2022","3.740","3.815","3.846","3.737","-2.45%"
"06/21/2022","3.834","3.878","3.883","3.795","-0.73%"
"06/20/2022","3.862","3.905","3.920","3.856","-0.26%"
"06/19/2022","3.872","3.872","3.872","3.872","0.68%"
"06/17/2022","3.846","3.816","3.886","3.800","0.39%"
"06/16/2022","3.831","3.704","3.839","3.697","-0.08%"
"06/15/2022","3.834","3.757","3.838","3.720","3.45%"
"06/14/2022","3.706","3.822","3.822","3.682","1.48%"
"06/13/2022","3.652","3.650","3.679","3.614","5.64%"
"06/12/2022","3.457","3.457","3.457","3.457","0.17%"
"06/10/2022","3.451","3.455","3.464","3.442","0.35%"
"06/09/2022","3.439","3.461","3.492","3.379","-0.32%"
"06/08/2022","3.450","3.463","3.489","3.440","-1.46%"
"06/07/2022","3.501","3.414","3.501","3.414","4.04%"
"06/06/2022","3.365","3.365","3.365","3.365","0.00%"
"06/05/2022","3.365","3.365","3.365","3.365","0.00%"
"06/04/2022","3.365","3.365","3.365","3.365","0.03%"
"06/03/2022","3.364","3.400","3.407","3.346","0.00%"
"06/02/2022","3.364","3.285","3.385","3.281","3.44%"
"06/01/2022","3.252","3.252","3.252","3.252","-0.15%"
"05/31/2022","3.257","3.172","3.257","3.172","3.76%"
"05/30/2022","3.139","3.150","3.153","3.112","-0.03%"
"05/29/2022","3.140","3.140","3.140","3.140","0.00%"
"05/28/2022","3.140","3.140","3.140","3.140","0.19%"
"05/27/2022","3.134","3.124","3.163","3.124","-0.63%"
"05/26/2022","3.154","3.133","3.189","3.128","1.41%"
"05/25/2022","3.110","3.118","3.137","3.105","-1.43%"
"05/24/2022","3.155","3.210","3.217","3.152","-1.56%"
"05/23/2022","3.205","3.180","3.226","3.158","0.25%"
"05/22/2022","3.197","3.197","3.197","3.197","0.00%"
"05/21/2022","3.197","3.197","3.197","3.197","-0.25%"
"05/20/2022","3.205","3.239","3.244","3.197","-1.41%"
"05/19/2022","3.251","3.228","3.271","3.227","-0.61%"
"05/18/2022","3.271","3.269","3.291","3.245","1.24%"
"05/17/2022","3.231","3.224","3.250","3.207","-0.03%"
"05/16/2022","3.232","3.249","3.266","3.154","3.36%"
"05/15/2022","3.127","3.127","3.127","3.127","0.00%"
"05/14/2022","3.127","3.127","3.127","3.127","0.26%"
"05/13/2022","3.119","3.107","3.140","3.081","0.61%"
"05/12/2022","3.100","3.170","3.205","3.100","-2.02%"
"05/11/2022","3.164","3.252","3.266","3.164","-4.00%"
"05/10/2022","3.296","3.270","3.315","3.243","-0.69%"
"05/09/2022","3.319","3.408","3.413","3.314","-1.22%"
"05/08/2022","3.360","3.360","3.360","3.360","0.00%"
"05/07/2022","3.360","3.360","3.360","3.360","-0.36%"
"05/06/2022","3.372","3.387","3.447","3.371","-0.38%"
"05/05/2022","3.385","3.385","3.385","3.385","-1.25%"
"05/04/2022","3.428","3.351","3.433","3.335","2.30%"
"05/03/2022","3.351","3.375","3.380","3.280","1.27%"
"05/02/2022","3.309","3.262","3.322","3.261","4.38%"
"05/01/2022","3.170","3.170","3.170","3.170","0.00%"
"04/30/2022","3.170","3.170","3.170","3.170","-0.06%"
"04/29/2022","3.172","3.163","3.182","3.142","1.12%"
"04/28/2022","3.137","3.130","3.161","3.112","1.42%"
"04/27/2022","3.093","3.051","3.111","3.019","0.06%"
"04/26/2022","3.091","3.107","3.156","3.069","-0.71%"
"04/25/2022","3.113","3.201","3.207","3.113","-3.17%"
"04/24/2022","3.215","3.215","3.215","3.215","0.00%"
"04/23/2022","3.215","3.215","3.215","3.215","-0.89%"
"04/22/2022","3.244","3.256","3.259","3.227","2.30%"
"04/21/2022","3.171","3.161","3.204","3.161","-1.21%"
"04/20/2022","3.210","3.230","3.266","3.177","-0.40%"
"04/19/2022","3.223","3.206","3.256","3.148","-0.12%"
"04/18/2022","3.227","3.264","3.278","3.216","1.48%"
"04/17/2022","3.180","3.180","3.180","3.180","0.00%"
"04/16/2022","3.180","3.180","3.180","3.180","0.86%"
"04/15/2022","3.153","3.170","3.197","3.147","1.42%"
"04/14/2022","3.109","3.182","3.198","3.062","-2.69%"
"04/13/2022","3.195","3.244","3.263","3.179","-2.29%"
"04/12/2022","3.270","3.310","3.312","3.229","-0.82%"
"04/11/2022","3.297","3.182","3.297","3.160","5.67%"
"04/10/2022","3.120","3.120","3.120","3.120","0.00%"
"04/09/2022","3.120","3.120","3.120","3.120","0.16%"
"04/08/2022","3.115","3.051","3.122","3.034","2.20%"
"04/07/2022","3.048","3.021","3.075","3.021","-1.65%"
"04/06/2022","3.099","3.131","3.151","3.085","2.38%"
"04/05/2022","3.027","2.939","3.030","2.919","0.26%"
"04/04/2022","3.019","3.005","3.071","2.996","2.72%"
"04/03/2022","2.939","2.939","2.939","2.939","0.00%"
"04/02/2022","2.939","2.939","2.939","2.939","-0.14%"
"04/01/2022","2.943","2.857","2.947","2.857","3.05%"
"03/31/2022","2.856","2.797","2.868","2.769","1.96%"
"03/30/2022","2.801","2.831","2.860","2.787","-3.18%"
"03/29/2022","2.893","2.969","3.009","2.893","-2.59%"
"03/28/2022","2.970","2.782","3.004","2.782","8.91%"
"03/27/2022","2.727","2.727","2.727","2.727","0.00%"
"03/26/2022","2.727","2.727","2.727","2.727","0.66%"
"03/25/2022","2.709","2.680","2.712","2.670","1.80%"
"03/24/2022","2.661","2.600","2.666","2.596","0.57%"
"03/23/2022","2.646","2.648","2.700","2.625","0.57%"
"03/22/2022","2.631","2.593","2.648","2.592","3.99%"
"03/21/2022","2.530","2.517","2.530","2.496","1.36%"
"03/20/2022","2.496","2.496","2.496","2.496","0.04%"
"03/18/2022","2.495","2.472","2.508","2.461","1.05%"
"03/17/2022","2.469","2.505","2.505","2.455","-2.26%"
"03/16/2022","2.526","2.530","2.531","2.510","-0.36%"
"03/15/2022","2.535","2.561","2.581","2.522","0.36%"
"03/14/2022","2.526","2.505","2.530","2.505","1.85%"
"03/13/2022","2.480","2.480","2.480","2.480","0.00%"
"03/12/2022","2.480","2.480","2.480","2.480","-0.20%"
"03/11/2022","2.485","2.512","2.519","2.471","-1.23%"
"03/10/2022","2.516","2.511","2.542","2.508","0.00%"
"03/09/2022","2.516","2.515","2.516","2.515","-0.28%"
"03/08/2022","2.523","2.543","2.559","2.505","-0.20%"
"03/07/2022","2.528","2.447","2.532","2.447","3.10%"
"03/06/2022","2.452","2.452","2.452","2.452","0.00%"
"03/05/2022","2.452","2.452","2.452","2.452","-0.49%"
"03/04/2022","2.464","2.434","2.471","2.400","1.27%"
"03/03/2022","2.433","2.451","2.464","2.433","1.12%"
"03/02/2022","2.406","2.419","2.435","2.395","-2.59%"
"03/01/2022","2.470","2.470","2.470","2.470","0.08%"
"02/28/2022","2.468","2.430","2.473","2.430","0.04%"
"02/27/2022","2.467","2.467","2.467","2.467","0.00%"
"02/26/2022","2.467","2.467","2.467","2.467","-0.04%"
"02/25/2022","2.468","2.450","2.502","2.450","1.90%"
"02/24/2022","2.422","2.526","2.582","2.422","-4.00%"
"02/23/2022","2.523","2.547","2.547","2.502","-0.04%"
"02/22/2022","2.524","2.525","2.545","2.504","-1.79%"
"02/21/2022","2.570","2.499","2.577","2.493","2.39%"
"02/18/2022","2.510","2.461","2.511","2.460","1.09%"
"02/17/2022","2.483","2.468","2.505","2.445","-0.68%"
"02/16/2022","2.500","2.542","2.550","2.491","-0.91%"
"02/15/2022","2.523","2.550","2.550","2.512","-0.43%"
"02/14/2022","2.534","2.538","2.540","2.507","-0.63%"
"02/13/2022","2.550","2.550","2.550","2.550","0.00%"
"02/12/2022","2.550","2.550","2.550","2.550","-0.62%"
"02/11/2022","2.566","2.546","2.574","2.530","3.26%"
"02/10/2022","2.485","2.508","2.514","2.460","-0.88%"
"02/09/2022","2.507","2.543","2.548","2.497","-2.26%"
"02/08/2022","2.565","2.499","2.565","2.498","4.06%"
"02/07/2022","2.465","2.450","2.465","2.429","2.41%"
"02/06/2022","2.407","2.407","2.407","2.407","0.00%"
"02/05/2022","2.407","2.407","2.407","2.407","-0.50%"
"02/04/2022","2.419","2.427","2.452","2.411","1.85%"
"02/03/2022","2.375","2.359","2.375","2.359","-0.92%"
"02/02/2022","2.397","2.397","2.397","2.397","0.00%"
"02/01/2022","2.397","2.397","2.397","2.397","0.00%"
"01/31/2022","2.397","2.397","2.397","2.397","0.00%"
"01/30/2022","2.397","2.397","2.397","2.397","0.00%"
"01/29/2022","2.397","2.397","2.397","2.397","0.04%"
"01/28/2022","2.396","2.410","2.426","2.393","-1.52%"
"01/27/2022","2.433","2.427","2.449","2.409","2.79%"
"01/26/2022","2.367","2.395","2.416","2.366","-1.17%"
"01/25/2022","2.395","2.353","2.397","2.350","2.61%"
"01/24/2022","2.334","2.358","2.369","2.330","-0.93%"
"01/23/2022","2.356","2.356","2.356","2.356","0.00%"
"01/22/2022","2.356","2.356","2.356","2.356","0.17%"
"01/21/2022","2.352","2.329","2.355","2.282","0.26%"
"01/20/2022","2.346","2.323","2.352","2.288","2.00%"
"01/19/2022","2.300","2.361","2.361","2.300","-1.41%"
"01/18/2022","2.333","2.328","2.391","2.314","-0.77%"
"01/17/2022","2.351","2.299","2.354","2.299","4.72%"
"01/16/2022","2.245","2.245","2.245","2.245","0.00%"
"01/15/2022","2.245","2.245","2.245","2.245","0.27%"
"01/14/2022","2.239","2.158","2.254","2.158","3.75%"
"01/13/2022","2.158","2.182","2.201","2.145","-1.42%"
"01/12/2022","2.189","2.210","2.221","2.189","-2.71%"
"01/11/2022","2.250","2.205","2.264","2.205","-0.49%"
"01/10/2022","2.261","2.259","2.296","2.248","0.27%"
"01/09/2022","2.255","2.255","2.255","2.255","0.00%"
"01/08/2022","2.255","2.255","2.255","2.255","0.00%"
"01/07/2022","2.255","2.265","2.293","2.245","-1.57%"
"01/06/2022","2.291","2.197","2.294","2.193","6.36%"
"01/05/2022","2.154","2.107","2.170","2.104","3.16%"
"01/04/2022","2.088","2.104","2.139","2.085","0.38%"
"01/03/2022","2.080","2.023","2.091","2.023","5.58%"
"01/02/2022","1.970","2.005","2.005","1.970","-1.75%"
"01/01/2022","2.005","2.005","2.005","2.005","0.00%"
"12/31/2021","2.005","2.005","2.005","2.005","-0.64%"
"12/30/2021","2.018","2.004","2.020","2.001","2.23%"
"12/29/2021","1.974","1.987","1.988","1.966","-0.75%"
"12/28/2021","1.989","1.994","2.005","1.989","-0.05%"
"12/27/2021","1.990","1.988","1.997","1.977","0.00%"
"12/26/2021","1.990","1.990","1.990","1.990","0.00%"
"12/25/2021","1.990","1.990","1.990","1.990","-0.65%"
"12/24/2021","2.003","2.001","2.012","1.989","-0.79%"
"12/23/2021","2.019","1.935","2.020","1.934","4.07%"
"12/22/2021","1.940","1.901","1.941","1.901","2.70%"
"12/21/2021","1.889","1.911","1.922","1.873","-1.10%"
"12/20/2021","1.910","1.914","1.940","1.910","-1.39%"
"12/19/2021","1.937","1.937","1.937","1.937","0.00%"
"12/18/2021","1.937","1.937","1.937","1.937","-0.26%"
"12/17/2021","1.942","1.926","1.958","1.924","0.21%"
"12/16/2021","1.938","1.970","1.988","1.938","-2.27%"
"12/15/2021","1.983","1.991","2.011","1.977","0.35%"
"12/14/2021","1.976","1.961","1.976","1.957","-0.30%"
"12/13/2021","1.982","1.994","1.999","1.980","-0.75%"
"12/12/2021","1.997","1.997","1.997","1.997","0.00%"
"12/11/2021","1.997","1.997","1.997","1.997","-0.15%"
"12/10/2021","2.000","1.957","2.000","1.939","1.42%"
"12/09/2021","1.972","2.003","2.030","1.972","-1.50%"
"12/08/2021","2.002","2.034","2.039","1.989","-2.01%"
"12/07/2021","2.043","2.030","2.046","2.021","1.54%"
"12/06/2021","2.012","2.003","2.020","1.986","-0.89%"
"12/05/2021","2.030","2.030","2.030","2.030","0.00%"
"12/04/2021","2.030","2.030","2.030","2.030","0.35%"
"12/03/2021","2.023","1.991","2.023","1.988","2.17%"
"12/02/2021","1.980","1.947","1.987","1.928","0.66%"
"12/01/2021","1.967","2.033","2.035","1.965","-2.58%"
"11/30/2021","2.019","2.039","2.061","1.983","-1.51%"
"11/29/2021","2.050","2.060","2.096","2.031","-0.58%"
"11/28/2021","2.062","2.062","2.062","2.062","0.00%"
"11/27/2021","2.062","2.062","2.062","2.062","0.68%"
"11/26/2021","2.048","2.113","2.116","2.032","-5.54%"
"11/25/2021","2.168","2.228","2.238","2.147","-3.08%"
"11/24/2021","2.237","2.270","2.287","2.228","-0.75%"
"11/23/2021","2.254","2.291","2.303","2.237","0.76%"
"11/22/2021","2.237","2.207","2.240","2.200","2.05%"
"11/21/2021","2.192","2.192","2.192","2.192","0.00%"
"11/20/2021","2.192","2.192","2.192","2.192","0.37%"
"11/19/2021","2.184","2.160","2.184","2.160","1.30%"
"11/18/2021","2.156","2.146","2.163","2.136","-0.09%"
"11/17/2021","2.158","2.132","2.158","2.113","0.84%"
"11/16/2021","2.140","2.136","2.149","2.119","0.94%"
"11/15/2021","2.120","2.156","2.156","2.119","-1.85%"
"11/14/2021","2.160","2.160","2.160","2.160","0.00%"
"11/13/2021","2.160","2.160","2.160","2.160","-0.28%"
"11/12/2021","2.166","2.143","2.178","2.138","1.69%"
"11/11/2021","2.130","2.189","2.189","2.124","0.80%"
"11/10/2021","2.113","2.110","2.143","2.091","-0.19%"
"11/09/2021","2.117","2.144","2.155","2.094","-1.31%"
"11/08/2021","2.145","2.136","2.167","2.131","-1.42%"
"11/07/2021","2.176","2.176","2.176","2.176","0.00%"
"11/06/2021","2.176","2.176","2.176","2.176","0.46%"
"11/05/2021","2.166","2.189","2.206","2.162","-3.82%"
"11/04/2021","2.252","2.258","2.284","2.250","-1.62%"
"11/03/2021","2.289","2.295","2.303","2.253","-0.52%"
"11/02/2021","2.301","2.378","2.378","2.287","-2.83%"
"11/01/2021","2.368","2.420","2.437","2.354","-2.35%"
"10/31/2021","2.425","2.425","2.425","2.425","0.00%"
"10/30/2021","2.425","2.425","2.425","2.425","0.83%"
"10/29/2021","2.405","2.310","2.418","2.310","5.81%"
"10/28/2021","2.273","2.343","2.397","2.273","-2.49%"
"10/27/2021","2.331","2.266","2.336","2.258","3.37%"
"10/26/2021","2.255","2.240","2.296","2.229","0.67%"
"10/25/2021","2.240","2.219","2.240","2.210","1.13%"
"10/24/2021","2.215","2.215","2.215","2.215","0.00%"
"10/23/2021","2.215","2.215","2.215","2.215","0.54%"
"10/22/2021","2.203","2.203","2.208","2.189","2.42%"
"10/21/2021","2.151","2.156","2.171","2.136","0.28%"
"10/20/2021","2.145","2.159","2.191","2.142","0.52%"
"10/19/2021","2.134","2.166","2.166","2.126","-1.61%"
"10/18/2021","2.169","2.169","2.200","2.168","1.83%"
"10/17/2021","2.130","2.105","2.130","2.105","1.19%"
"10/16/2021","2.105","2.105","2.105","2.105","0.33%"
"10/15/2021","2.098","2.097","2.115","2.094","-0.14%"
"10/14/2021","2.101","2.120","2.121","2.099","-1.36%"
"10/13/2021","2.130","2.130","2.151","2.113","-0.23%"
"10/12/2021","2.135","2.045","2.150","2.030","4.40%"
"10/11/2021","2.045","2.045","2.045","2.045","0.00%"
"10/10/2021","2.045","2.045","2.045","2.045","0.00%"
"10/09/2021","2.045","2.045","2.045","2.045","-0.24%"
"10/08/2021","2.050","2.073","2.076","2.012","-0.77%"
"10/07/2021","2.066","2.066","2.094","2.053","-0.82%"
"10/06/2021","2.083","2.005","2.084","2.005","4.73%"
"10/05/2021","1.989","1.960","1.991","1.960","1.64%"
"10/04/2021","1.957","1.957","1.957","1.957","0.00%"
"10/03/2021","1.957","1.957","1.957","1.957","0.00%"
"10/02/2021","1.957","1.957","1.957","1.957","-0.31%"
"10/01/2021","1.963","1.916","1.966","1.911","1.71%"
"09/30/2021","1.930","1.920","1.938","1.910","-0.36%"
"09/29/2021","1.937","1.978","2.000","1.933","-0.67%"
"09/28/2021","1.950","1.896","1.950","1.896","3.23%"
"09/27/2021","1.889","1.870","1.890","1.870","1.18%"
"09/26/2021","1.867","1.867","1.867","1.867","0.00%"
"09/25/2021","1.867","1.867","1.867","1.867","0.54%"
"09/24/2021","1.857","1.839","1.869","1.839","2.31%"
"09/23/2021","1.815","1.788","1.816","1.770","1.45%"
"09/22/2021","1.789","1.789","1.789","1.789","0.00%"
"09/21/2021","1.789","1.789","1.789","1.789","0.00%"
"09/20/2021","1.789","1.789","1.789","1.789","0.00%"
"09/19/2021","1.789","1.789","1.789","1.789","0.00%"
"09/18/2021","1.789","1.789","1.789","1.789","-0.06%"
"09/17/2021","1.790","1.766","1.803","1.766","1.59%"
"09/16/2021","1.762","1.754","1.762","1.733","1.67%"
"09/15/2021","1.733","1.777","1.780","1.733","-2.37%"
"09/14/2021","1.775","1.776","1.790","1.770","0.85%"
"09/13/2021","1.760","1.750","1.764","1.724","0.86%"
"09/12/2021","1.745","1.745","1.745","1.745","0.00%"
"09/11/2021","1.745","1.745","1.745","1.745","-0.34%"
"09/10/2021","1.751","1.769","1.798","1.746","0.06%"
"09/09/2021","1.750","1.730","1.750","1.728","0.23%"
"09/08/2021","1.746","1.725","1.746","1.724","1.75%"
"09/07/2021","1.716","1.714","1.730","1.702","-0.17%"
"09/06/2021","1.719","1.699","1.726","1.699","1.42%"
"09/05/2021","1.695","1.695","1.695","1.695","-0.12%"
"09/03/2021","1.697","1.698","1.698","1.688","0.77%"
"09/02/2021","1.684","1.674","1.689","1.674","0.54%"
"09/01/2021","1.675","1.655","1.684","1.655","1.45%"
"08/31/2021","1.651","1.640","1.653","1.628","-0.06%"
"08/30/2021","1.652","1.654","1.661","1.648","-0.78%"
"08/29/2021","1.665","1.665","1.665","1.665","0.00%"
"08/28/2021","1.665","1.665","1.665","1.665","-0.12%"
"08/27/2021","1.667","1.657","1.682","1.650","0.54%"
"08/26/2021","1.658","1.685","1.711","1.639","-1.72%"
"08/25/2021","1.687","1.697","1.704","1.686","-0.06%"
"08/24/2021","1.688","1.653","1.688","1.651","3.24%"
"08/23/2021","1.635","1.609","1.642","1.609","-1.51%"
"08/22/2021","1.660","1.597","1.660","1.597","3.94%"
"08/21/2021","1.597","1.597","1.597","1.597","0.00%"
"08/20/2021","1.597","1.607","1.620","1.596","-0.37%"
"08/19/2021","1.603","1.630","1.630","1.601","-1.78%"
"08/18/2021","1.632","1.645","1.645","1.631","-0.97%"
"08/17/2021","1.648","1.654","1.662","1.646","-0.72%"
"08/16/2021","1.660","1.660","1.660","1.660","0.00%"
"08/15/2021","1.660","1.660","1.660","1.660","-0.36%"
"08/13/2021","1.666","1.668","1.683","1.658","0.12%"
"08/12/2021","1.664","1.654","1.676","1.651","-0.06%"
"08/11/2021","1.665","1.658","1.672","1.657","0.12%"
"08/10/2021","1.663","1.658","1.687","1.656","0.06%"
"08/09/2021","1.662","1.661","1.675","1.653","-0.48%"
"08/07/2021","1.670","1.670","1.670","1.670","-0.30%"
"08/06/2021","1.675","1.661","1.675","1.653","1.70%"
"08/05/2021","1.647","1.635","1.653","1.611","0.67%"
"08/04/2021","1.636","1.648","1.648","1.626","-1.68%"
"08/03/2021","1.664","1.645","1.664","1.640","0.67%"
"08/02/2021","1.653","1.654","1.664","1.625","1.10%"
"07/31/2021","1.635","1.635","1.635","1.635","-0.24%"
"07/30/2021","1.639","1.654","1.664","1.625","-1.09%"
"07/29/2021","1.657","1.651","1.663","1.644","1.04%"
"07/28/2021","1.640","1.608","1.660","1.608","1.42%"
"07/27/2021","1.617","1.615","1.628","1.602","0.43%"
"07/26/2021","1.610","1.636","1.638","1.604","-1.53%"
"07/25/2021","1.635","1.635","1.635","1.635","-0.24%"
"07/23/2021","1.639","1.645","1.649","1.615","-1.44%"
"07/22/2021","1.663","1.636","1.667","1.636","2.15%"
"07/21/2021","1.628","1.654","1.658","1.622","-1.03%"
"07/20/2021","1.645","1.681","1.681","1.634","-3.41%"
"07/19/2021","1.703","1.717","1.717","1.698","-1.56%"
"07/18/2021","1.730","1.730","1.730","1.730","0.00%"
"07/17/2021","1.730","1.730","1.730","1.730","1.17%"
"07/16/2021","1.710","1.759","1.759","1.709","-2.68%"
"07/15/2021","1.757","1.675","1.785","1.664","4.03%"
"07/14/2021","1.689","1.740","1.742","1.688","-1.75%"
"07/13/2021","1.719","1.694","1.723","1.693","1.90%"
"07/12/2021","1.687","1.697","1.700","1.677","0.12%"
"07/11/2021","1.685","1.685","1.685","1.685","0.00%"
"07/10/2021","1.685","1.685","1.685","1.685","0.06%"
"07/09/2021","1.684","1.657","1.694","1.653","1.63%"
"07/08/2021","1.657","1.680","1.684","1.646","-2.47%"
"07/07/2021","1.699","1.732","1.732","1.699","-3.90%"
"07/06/2021","1.768","1.743","1.773","1.743","0.97%"
"07/05/2021","1.751","1.760","1.769","1.747","-1.46%"
"07/04/2021","1.777","1.777","1.777","1.777","0.00%"
"07/03/2021","1.777","1.777","1.777","1.777","-0.22%"
"07/02/2021","1.781","1.766","1.787","1.753","1.42%"
"07/01/2021","1.756","1.742","1.758","1.727","0.98%"
"06/30/2021","1.739","1.754","1.768","1.729","-1.47%"
"06/29/2021","1.765","1.783","1.797","1.753","-1.56%"
"06/28/2021","1.793","1.773","1.810","1.765","1.30%"
"06/27/2021","1.770","1.770","1.770","1.770","0.00%"
"06/26/2021","1.770","1.770","1.770","1.770","0.34%"
"06/25/2021","1.764","1.722","1.772","1.722","3.46%"
"06/24/2021","1.705","1.677","1.714","1.677","1.67%"
"06/23/2021","1.677","1.677","1.686","1.666","-0.42%"
"06/22/2021","1.684","1.670","1.698","1.670","0.60%"
"06/21/2021","1.674","1.682","1.694","1.651","-0.06%"
"06/20/2021","1.675","1.675","1.675","1.675","0.00%"
"06/19/2021","1.675","1.675","1.675","1.675","-0.18%"
"06/18/2021","1.678","1.718","1.728","1.676","-1.87%"
"06/17/2021","1.710","1.732","1.738","1.700","1.36%"
"06/16/2021","1.687","1.683","1.693","1.675","-0.35%"
"06/15/2021","1.693","1.673","1.693","1.664","1.32%"
"06/14/2021","1.671","1.633","1.671","1.633","2.39%"
"06/13/2021","1.632","1.632","1.632","1.632","0.00%"
"06/12/2021","1.632","1.632","1.632","1.632","-1.57%"
"06/11/2021","1.658","1.640","1.677","1.640","1.22%"
"06/10/2021","1.638","1.610","1.646","1.592","0.86%"
"06/09/2021","1.624","1.655","1.655","1.608","-1.99%"
"06/08/2021","1.657","1.685","1.686","1.657","-2.47%"
"06/07/2021","1.699","1.697","1.712","1.691","-1.22%"
"06/06/2021","1.720","1.720","1.720","1.720","0.00%"
"06/05/2021","1.720","1.720","1.720","1.720","-0.23%"
"06/04/2021","1.724","1.729","1.729","1.699","0.52%"
"06/03/2021","1.715","1.713","1.717","1.693","-0.92%"
"06/02/2021","1.731","1.727","1.748","1.719","0.29%"
"06/01/2021","1.726","1.738","1.743","1.717","-0.75%"
"05/31/2021","1.739","1.696","1.748","1.696","3.76%"
"05/30/2021","1.676","1.676","1.676","1.676","0.00%"
"05/29/2021","1.676","1.676","1.676","1.676","0.18%"
"05/28/2021","1.673","1.644","1.699","1.644","2.07%"
"05/27/2021","1.639","1.676","1.686","1.636","-1.92%"
"05/26/2021","1.671","1.646","1.671","1.644","1.03%"
"05/25/2021","1.654","1.648","1.655","1.644","0.18%"
"05/24/2021","1.651","1.631","1.663","1.628","1.48%"
"05/23/2021","1.627","1.627","1.627","1.627","0.00%"
"05/22/2021","1.627","1.627","1.627","1.627","-0.12%"
"05/21/2021","1.629","1.639","1.640","1.629","-0.79%"
"05/20/2021","1.642","1.644","1.651","1.639","1.05%"
"05/19/2021","1.625","1.625","1.625","1.625","0.00%"
"05/18/2021","1.625","1.636","1.645","1.623","0.06%"
"05/17/2021","1.624","1.637","1.646","1.623","-1.58%"
"05/16/2021","1.650","1.650","1.650","1.650","0.00%"
"05/15/2021","1.650","1.650","1.650","1.650","-0.12%"
"05/14/2021","1.652","1.648","1.659","1.642","0.00%"
"05/13/2021","1.652","1.661","1.662","1.647","1.66%"
"05/12/2021","1.625","1.634","1.642","1.620","-0.12%"
"05/11/2021","1.627","1.633","1.637","1.622","-0.49%"
"05/10/2021","1.635","1.629","1.654","1.629","-0.55%"
"05/07/2021","1.644","1.629","1.647","1.627","0.92%"
"05/06/2021","1.629","1.635","1.641","1.625","-0.97%"
"05/05/2021","1.645","1.645","1.645","1.645","0.12%"
"05/04/2021","1.643","1.631","1.650","1.619","0.43%"
"05/03/2021","1.636","1.631","1.662","1.618","0.37%"
"05/02/2021","1.630","1.630","1.630","1.630","0.00%"
"05/01/2021","1.630","1.630","1.630","1.630","0.00%"
"04/30/2021","1.630","1.615","1.647","1.615","1.87%"
"04/29/2021","1.600","1.595","1.615","1.593","-0.25%"
"04/28/2021","1.604","1.599","1.610","1.593","1.26%"
"04/27/2021","1.584","1.589","1.608","1.582","-1.12%"
"04/26/2021","1.602","1.571","1.613","1.568","1.71%"
"04/25/2021","1.575","1.575","1.575","1.575","0.00%"
"04/24/2021","1.575","1.575","1.575","1.575","0.13%"
"04/23/2021","1.573","1.549","1.583","1.541","2.01%"
"04/22/2021","1.542","1.556","1.559","1.533","-0.71%"
"04/21/2021","1.553","1.549","1.564","1.544","-1.02%"
"04/20/2021","1.569","1.548","1.574","1.548","1.36%"
"04/19/2021","1.548","1.570","1.570","1.548","-1.71%"
"04/18/2021","1.575","1.575","1.575","1.575","0.00%"
"04/17/2021","1.575","1.575","1.575","1.575","-0.44%"
"04/16/2021","1.582","1.539","1.582","1.539","0.76%"
"04/15/2021","1.570","1.528","1.576","1.525","3.02%"
"04/14/2021","1.524","1.540","1.541","1.521","-2.43%"
"04/13/2021","1.562","1.546","1.568","1.528","0.64%"
"04/12/2021","1.552","1.581","1.594","1.548","-1.46%"
"04/11/2021","1.575","1.575","1.575","1.575","0.00%"
"04/10/2021","1.575","1.575","1.575","1.575","-0.25%"
"04/09/2021","1.579","1.534","1.592","1.534","2.33%"
"04/08/2021","1.543","1.586","1.590","1.539","-2.59%"
"04/07/2021","1.584","1.593","1.602","1.573","-1.31%"
"04/06/2021","1.605","1.613","1.616","1.599","-1.89%"
"04/05/2021","1.636","1.579","1.639","1.579","4.14%"
"04/04/2021","1.571","1.571","1.571","1.571","0.00%"
"04/03/2021","1.571","1.571","1.571","1.571","-0.25%"
"04/02/2021","1.575","1.569","1.585","1.549","-0.38%"
"04/01/2021","1.581","1.604","1.613","1.569","-1.25%"
"03/31/2021","1.601","1.575","1.610","1.575","-0.37%"
"03/30/2021","1.607","1.547","1.608","1.532","4.96%"
"03/29/2021","1.531","1.536","1.548","1.521","-0.26%"
"03/28/2021","1.535","1.535","1.535","1.535","0.00%"
"03/27/2021","1.535","1.535","1.535","1.535","0.33%"
"03/26/2021","1.530","1.517","1.533","1.494","1.39%"
"03/25/2021","1.509","1.548","1.563","1.496","-1.89%"
"03/24/2021","1.538","1.575","1.575","1.510","-2.78%"
"03/23/2021","1.582","1.614","1.615","1.571","-2.04%"
"03/22/2021","1.615","1.627","1.663","1.599","-0.31%"
"03/21/2021","1.620","1.620","1.620","1.620","0.00%"
"03/20/2021","1.620","1.620","1.620","1.620","2.86%"
"03/19/2021","1.575","1.680","1.686","1.572","-3.37%"
"03/18/2021","1.630","1.624","1.656","1.600","-0.55%"
"03/17/2021","1.639","1.627","1.644","1.626","2.44%"
"03/16/2021","1.600","1.601","1.649","1.593","-1.42%"
"03/15/2021","1.623","1.623","1.708","1.613","1.12%"
"03/14/2021","1.605","1.605","1.605","1.605","0.00%"
"03/13/2021","1.605","1.605","1.605","1.605","0.69%"
"03/12/2021","1.594","1.537","1.596","1.522","4.52%"
"03/11/2021","1.525","1.543","1.543","1.507","-2.62%"
"03/10/2021","1.566","1.601","1.613","1.551","-1.39%"
"03/09/2021","1.588","1.518","1.619","1.518","6.43%"
"03/08/2021","1.492","1.439","1.492","1.437","3.54%"
"03/07/2021","1.441","1.441","1.441","1.441","0.00%"
"03/06/2021","1.441","1.441","1.441","1.441","0.35%"
"03/05/2021","1.436","1.448","1.450","1.428","0.98%"
"03/04/2021","1.422","1.427","1.441","1.419","-0.14%"
"03/03/2021","1.424","1.443","1.447","1.412","-1.79%"
"03/02/2021","1.450","1.435","1.452","1.422","-0.34%"
"03/01/2021","1.455","1.455","1.455","1.455","0.00%"
"02/28/2021","1.455","1.455","1.455","1.455","0.00%"
"02/27/2021","1.455","1.455","1.455","1.455","0.41%"
"02/26/2021","1.449","1.459","1.467","1.431","5.61%"
"02/25/2021","1.372","1.380","1.386","1.348","1.25%"
"02/24/2021","1.355","1.376","1.385","1.354","-2.59%"
"02/23/2021","1.391","1.381","1.403","1.381","0.14%"
"02/22/2021","1.389","1.354","1.396","1.354","3.27%"
"02/21/2021","1.345","1.345","1.345","1.345","0.00%"
"02/20/2021","1.345","1.345","1.345","1.345","0.07%"
"02/19/2021","1.344","1.333","1.349","1.332","1.05%"
"02/18/2021","1.330","1.336","1.336","1.322","-1.04%"
"02/17/2021","1.344","1.361","1.366","1.344","0.45%"
"02/16/2021","1.338","1.355","1.356","1.337","-1.76%"
"02/15/2021","1.362","1.348","1.362","1.346","2.02%"
"02/14/2021","1.335","1.335","1.335","1.335","0.00%"
"02/13/2021","1.335","1.335","1.335","1.335","0.00%"
"02/12/2021","1.335","1.335","1.335","1.335","0.00%"
"02/11/2021","1.335","1.335","1.335","1.335","-0.30%"
"02/10/2021","1.339","1.323","1.340","1.315","1.52%"
"02/09/2021","1.319","1.323","1.324","1.313","-0.60%"
"02/08/2021","1.327","1.308","1.337","1.308","1.69%"
"02/07/2021","1.305","1.305","1.305","1.305","0.00%"
"02/06/2021","1.305","1.305","1.305","1.305","-0.46%"
"02/05/2021","1.311","1.314","1.330","1.303","-0.98%"
"02/04/2021","1.324","1.326","1.333","1.309","0.61%"
"02/03/2021","1.316","1.326","1.332","1.309","0.15%"
"02/02/2021","1.314","1.332","1.336","1.312","-2.52%"
"02/01/2021","1.348","1.325","1.355","1.323","2.51%"
"01/31/2021","1.315","1.315","1.315","1.315","0.00%"
"01/30/2021","1.315","1.315","1.315","1.315","-0.38%"
"01/29/2021","1.320","1.335","1.346","1.312","-0.68%"
"01/28/2021","1.329","1.345","1.350","1.329","-0.45%"
"01/27/2021","1.335","1.345","1.351","1.335","-0.96%"
"01/26/2021","1.348","1.340","1.353","1.337","-0.37%"
"01/25/2021","1.353","1.327","1.353","1.315","2.11%"
"01/24/2021","1.325","1.325","1.325","1.325","0.00%"
"01/23/2021","1.325","1.325","1.325","1.325","-0.08%"
"01/22/2021","1.326","1.310","1.327","1.299","3.35%"
"01/21/2021","1.283","1.281","1.300","1.281","0.16%"
"01/20/2021","1.281","1.291","1.292","1.281","-1.23%"
"01/19/2021","1.297","1.307","1.307","1.292","-0.46%"
"01/18/2021","1.303","1.309","1.312","1.298","-0.53%"
"01/17/2021","1.310","1.310","1.310","1.310","0.00%"
"01/16/2021","1.310","1.310","1.310","1.310","-0.38%"
"01/15/2021","1.315","1.327","1.333","1.307","-0.68%"
"01/14/2021","1.324","1.305","1.326","1.305","1.07%"
"01/13/2021","1.310","1.301","1.324","1.294","-0.38%"
"01/12/2021","1.315","1.307","1.325","1.307","1.00%"
"01/11/2021","1.302","1.321","1.325","1.300","-1.44%"
"01/10/2021","1.321","1.321","1.321","1.321","0.00%"
"01/09/2021","1.321","1.321","1.321","1.321","-0.53%"
"01/08/2021","1.328","1.338","1.341","1.327","0.53%"
"01/07/2021","1.321","1.319","1.339","1.318","-0.08%"
"01/06/2021","1.322","1.297","1.324","1.288","2.80%"
"01/05/2021","1.286","1.325","1.328","1.286","-2.65%"
"01/04/2021","1.321","1.338","1.342","1.320","-1.05%"
"01/03/2021","1.335","1.335","1.335","1.335","0.00%"
"01/02/2021","1.335","1.335","1.335","1.335","0.00%"
"01/01/2021","1.335","1.335","1.335","1.335","0.00%"
"12/31/2020","1.335","1.335","1.335","1.335","0.15%"
"12/30/2020","1.333","1.334","1.341","1.333","0.53%"
"12/29/2020","1.326","1.311","1.330","1.309","0.68%"
"12/28/2020","1.317","1.319","1.325","1.306","-0.60%"
"12/27/2020","1.325","1.325","1.325","1.325","0.00%"
"12/26/2020","1.325","1.325","1.325","1.325","0.00%"
"12/25/2020","1.325","1.325","1.325","1.325","0.84%"
"12/24/2020","1.314","1.290","1.316","1.290","2.66%"
"12/23/2020","1.280","1.297","1.298","1.280","-1.69%"
"12/22/2020","1.302","1.322","1.327","1.293","-1.59%"
"12/21/2020","1.323","1.342","1.350","1.323","-1.78%"
"12/20/2020","1.347","1.347","1.347","1.347","0.00%"
"12/19/2020","1.347","1.347","1.347","1.347","0.30%"
"12/18/2020","1.343","1.363","1.373","1.341","-1.97%"
"12/17/2020","1.370","1.345","1.375","1.342","2.62%"
"12/16/2020","1.335","1.318","1.339","1.313","1.29%"
"12/15/2020","1.318","1.297","1.318","1.295","0.92%"
"12/14/2020","1.306","1.301","1.310","1.296","0.08%"
"12/13/2020","1.305","1.305","1.305","1.305","0.00%"
"12/12/2020","1.305","1.305","1.305","1.305","-0.31%"
"12/11/2020","1.309","1.295","1.310","1.295","0.54%"
"12/10/2020","1.302","1.314","1.314","1.296","-1.29%"
"12/09/2020","1.319","1.322","1.323","1.316","0.76%"
"12/08/2020","1.309","1.325","1.328","1.308","-0.91%"
"12/07/2020","1.321","1.345","1.345","1.313","-1.05%"
"12/06/2020","1.335","1.335","1.335","1.335","0.00%"
"12/05/2020","1.335","1.335","1.335","1.335","1.44%"
"12/04/2020","1.316","1.314","1.325","1.313","-1.79%"
"12/03/2020","1.340","1.341","1.353","1.338","-0.74%"
"12/02/2020","1.350","1.350","1.362","1.347","0.97%"
"12/01/2020","1.337","1.331","1.340","1.326","-0.15%"
"11/30/2020","1.339","1.321","1.343","1.321","1.06%"
"11/29/2020","1.325","1.325","1.325","1.325","0.00%"
"11/28/2020","1.325","1.325","1.325","1.325","0.00%"
"11/27/2020","1.325","1.321","1.332","1.304","-0.60%"
"11/26/2020","1.333","1.317","1.335","1.310","2.15%"
"11/25/2020","1.305","1.291","1.326","1.291","1.24%"
"11/24/2020","1.289","1.297","1.300","1.288","0.55%"
"11/23/2020","1.282","1.292","1.292","1.274","-1.54%"
"11/22/2020","1.302","1.302","1.302","1.302","0.00%"
"11/21/2020","1.302","1.302","1.302","1.302","0.39%"
"11/20/2020","1.297","1.286","1.297","1.282","0.70%"
"11/19/2020","1.288","1.276","1.292","1.275","0.63%"
"11/18/2020","1.280","1.283","1.287","1.275","-1.31%"
"11/17/2020","1.297","1.290","1.309","1.287","-0.38%"
"11/16/2020","1.302","1.307","1.315","1.293","0.39%"
"11/15/2020","1.297","1.297","1.297","1.297","0.00%"
"11/14/2020","1.297","1.297","1.297","1.297","-0.08%"
"11/13/2020","1.298","1.302","1.327","1.296","-1.59%"
"11/12/2020","1.319","1.316","1.325","1.306","-1.57%"
"11/11/2020","1.340","1.314","1.342","1.305","3.08%"
"11/10/2020","1.300","1.323","1.331","1.297","2.12%"
"11/09/2020","1.273","1.273","1.287","1.270","1.27%"
"11/08/2020","1.257","1.257","1.257","1.257","0.00%"
"11/07/2020","1.257","1.257","1.257","1.257","0.24%"
"11/06/2020","1.254","1.239","1.255","1.229","2.37%"
"11/05/2020","1.225","1.243","1.250","1.225","-3.24%"
"11/04/2020","1.266","1.315","1.322","1.254","-2.31%"
"11/03/2020","1.296","1.282","1.300","1.265","0.54%"
"11/02/2020","1.289","1.259","1.292","1.259","3.95%"
"11/01/2020","1.240","1.240","1.240","1.240","0.00%"
"10/31/2020","1.240","1.240","1.240","1.240","0.40%"
"10/30/2020","1.235","1.230","1.242","1.224","1.40%"
"10/29/2020","1.218","1.212","1.222","1.205","1.16%"
"10/28/2020","1.204","1.195","1.206","1.188","-0.17%"
"10/27/2020","1.206","1.190","1.212","1.190","1.17%"
"10/26/2020","1.192","1.186","1.193","1.184","-0.42%"
"10/25/2020","1.197","1.197","1.197","1.197","0.00%"
"10/24/2020","1.197","1.197","1.197","1.197","0.67%"
"10/23/2020","1.189","1.229","1.238","1.180","-1.65%"
"10/22/2020","1.209","1.210","1.267","1.201","-1.31%"
"10/21/2020","1.225","1.173","1.225","1.173","5.33%"
"10/20/2020","1.163","1.157","1.170","1.147","1.48%"
"10/19/2020","1.146","1.195","1.206","1.140","-2.88%"
"10/18/2020","1.180","1.180","1.180","1.180","0.00%"
"10/17/2020","1.180","1.180","1.180","1.180","0.43%"
"10/16/2020","1.175","1.170","1.186","1.169","0.77%"
"10/15/2020","1.166","1.192","1.192","1.156","-2.35%"
"10/14/2020","1.194","1.200","1.209","1.184","-1.57%"
"10/13/2020","1.213","1.215","1.224","1.210","-0.98%"
"10/12/2020","1.225","1.211","1.226","1.211","1.66%"
"10/11/2020","1.205","1.205","1.205","1.205","0.00%"
"10/10/2020","1.205","1.205","1.205","1.205","0.00%"
"10/09/2020","1.205","1.205","1.205","1.205","-0.25%"
"10/08/2020","1.208","1.204","1.223","1.204","0.75%"
"10/07/2020","1.199","1.188","1.199","1.178","0.00%"
"10/06/2020","1.199","1.170","1.204","1.170","4.53%"
"10/05/2020","1.147","1.125","1.151","1.125","4.27%"
"10/04/2020","1.100","1.100","1.100","1.100","0.00%"
"10/03/2020","1.100","1.100","1.100","1.100","0.00%"
"10/02/2020","1.100","1.100","1.100","1.100","0.00%"
"10/01/2020","1.100","1.100","1.100","1.100","0.00%"
"09/30/2020","1.100","1.100","1.100","1.100","-0.72%"
"09/29/2020","1.108","1.118","1.130","1.108","-0.81%"
"09/28/2020","1.117","1.118","1.126","1.108","-0.27%"
"09/27/2020","1.120","1.120","1.120","1.120","0.00%"
"09/26/2020","1.120","1.120","1.120","1.120","-0.53%"
"09/25/2020","1.126","1.115","1.135","1.115","-0.62%"
"09/24/2020","1.133","1.135","1.153","1.130","-1.48%"
"09/23/2020","1.150","1.172","1.179","1.144","-2.38%"
"09/22/2020","1.178","1.183","1.184","1.174","-1.59%"
"09/21/2020","1.197","1.202","1.209","1.190","-0.42%"
"09/20/2020","1.202","1.202","1.202","1.202","0.00%"
"09/19/2020","1.202","1.202","1.202","1.202","0.42%"
"09/18/2020","1.197","1.200","1.206","1.182","-0.25%"
"09/17/2020","1.200","1.191","1.202","1.191","1.01%"
"09/16/2020","1.188","1.190","1.201","1.181","-0.92%"
"09/15/2020","1.199","1.224","1.224","1.186","-1.72%"
"09/14/2020","1.220","1.233","1.241","1.215","-0.81%"
"09/13/2020","1.230","1.230","1.230","1.230","0.24%"
"09/11/2020","1.227","1.221","1.229","1.216","0.82%"
"09/10/2020","1.217","1.212","1.219","1.202","2.01%"
"09/09/2020","1.193","1.188","1.196","1.179","-3.32%"
"09/08/2020","1.234","1.256","1.259","1.218","-2.22%"
"09/07/2020","1.262","1.256","1.264","1.249","2.02%"
"09/06/2020","1.237","1.237","1.237","1.237","0.00%"
"09/05/2020","1.237","1.237","1.237","1.237","1.23%"
"09/04/2020","1.222","1.220","1.245","1.218","0.66%"
"09/03/2020","1.214","1.227","1.249","1.206","-1.22%"
"09/02/2020","1.229","1.255","1.284","1.218","-3.68%"
"09/01/2020","1.276","1.222","1.290","1.222","5.54%"
"08/31/2020","1.209","1.177","1.226","1.176","3.16%"
"08/30/2020","1.172","1.172","1.172","1.172","0.00%"
"08/29/2020","1.172","1.172","1.172","1.172","-0.26%"
"08/28/2020","1.175","1.151","1.186","1.151","3.89%"
"08/27/2020","1.131","1.105","1.144","1.086","1.53%"
"08/26/2020","1.114","1.112","1.128","1.104","1.27%"
"08/25/2020","1.100","1.094","1.103","1.086","0.82%"
"08/24/2020","1.091","1.121","1.122","1.091","-3.45%"
"08/23/2020","1.130","1.130","1.130","1.130","0.00%"
"08/22/2020","1.130","1.130","1.130","1.130","0.36%"
"08/21/2020","1.126","1.084","1.127","1.083","4.36%"
"08/20/2020","1.079","1.072","1.086","1.071","1.79%"
"08/19/2020","1.060","1.060","1.084","1.052","-1.03%"
"08/18/2020","1.071","1.104","1.104","1.071","-2.64%"
"08/17/2020","1.100","1.100","1.100","1.100","0.00%"
"08/16/2020","1.100","1.100","1.100","1.100","0.00%"
"08/15/2020","1.100","1.100","1.100","1.100","0.36%"
"08/14/2020","1.096","1.080","1.105","1.080","1.95%"
"08/13/2020","1.075","1.085","1.091","1.073","-0.83%"
"08/12/2020","1.084","1.094","1.099","1.083","0.65%"
"08/11/2020","1.077","1.085","1.108","1.077","-1.64%"
"08/10/2020","1.095","1.076","1.096","1.076","3.11%"
"08/09/2020","1.062","1.062","1.062","1.062","0.00%"
"08/08/2020","1.062","1.062","1.062","1.062","0.38%"
"08/07/2020","1.058","1.052","1.060","1.048","0.38%"
"08/06/2020","1.054","1.052","1.055","1.047","0.96%"
"08/05/2020","1.044","1.043","1.045","1.034","-1.14%"
"08/04/2020","1.056","1.045","1.061","1.045","1.34%"
"08/03/2020","1.042","1.030","1.043","1.027","0.97%"
"08/02/2020","1.032","1.032","1.032","1.032","0.00%"
"08/01/2020","1.032","1.032","1.032","1.032","0.10%"
"07/31/2020","1.031","1.028","1.031","1.001","-0.67%"
"07/30/2020","1.038","1.055","1.055","1.034","-2.35%"
"07/29/2020","1.063","1.058","1.066","1.054","-1.02%"
"07/28/2020","1.074","1.058","1.082","1.055","1.99%"
"07/27/2020","1.053","1.045","1.055","1.042","0.77%"
"07/26/2020","1.045","1.045","1.045","1.045","0.00%"
"07/25/2020","1.045","1.045","1.045","1.045","-0.38%"
"07/24/2020","1.049","1.050","1.051","1.039","0.19%"
"07/23/2020","1.047","1.061","1.064","1.043","-2.33%"
"07/22/2020","1.072","1.075","1.083","1.070","-1.11%"
"07/21/2020","1.084","1.062","1.085","1.060","1.59%"
"07/20/2020","1.067","1.078","1.085","1.066","-1.11%"
"07/19/2020","1.079","1.079","1.079","1.079","0.00%"
"07/18/2020","1.079","1.079","1.079","1.079","-0.09%"
"07/17/2020","1.080","1.102","1.102","1.074","-3.05%"
"07/16/2020","1.114","1.148","1.153","1.109","-2.96%"
"07/15/2020","1.148","1.142","1.157","1.140","-0.26%"
"07/14/2020","1.151","1.140","1.158","1.133","0.44%"
"07/13/2020","1.146","1.132","1.152","1.132","2.14%"
"07/12/2020","1.122","1.122","1.122","1.122","-0.36%"
"07/10/2020","1.126","1.113","1.135","1.104","0.90%"
"07/09/2020","1.116","1.102","1.122","1.102","1.00%"
"07/08/2020","1.105","1.115","1.124","1.104","-0.99%"
"07/07/2020","1.116","1.132","1.133","1.115","-1.85%"
"07/06/2020","1.137","1.120","1.146","1.115","2.25%"
"07/05/2020","1.112","1.112","1.112","1.112","0.00%"
"07/04/2020","1.112","1.112","1.112","1.112","-0.45%"
"07/03/2020","1.117","1.110","1.122","1.103","0.09%"
"07/02/2020","1.116","1.120","1.120","1.108","-1.67%"
"07/01/2020","1.135","1.108","1.140","1.091","2.25%"
"06/30/2020","1.110","1.109","1.121","1.102","1.37%"
"06/29/2020","1.095","1.069","1.098","1.068","2.34%"
"06/28/2020","1.070","1.070","1.070","1.070","0.00%"
"06/27/2020","1.070","1.070","1.070","1.070","-0.09%"
"06/26/2020","1.071","1.076","1.085","1.063","-1.20%"
"06/25/2020","1.084","1.090","1.093","1.082","-0.46%"
"06/24/2020","1.089","1.107","1.107","1.084","-1.80%"
"06/23/2020","1.109","1.128","1.128","1.087","-1.33%"
"06/22/2020","1.124","1.128","1.139","1.121","-0.71%"
"06/21/2020","1.132","1.132","1.132","1.132","0.00%"
"06/20/2020","1.132","1.132","1.132","1.132","0.80%"
"06/19/2020","1.123","1.101","1.124","1.086","1.63%"
"06/18/2020","1.105","1.138","1.138","1.101","-3.75%"
"06/17/2020","1.148","1.135","1.165","1.131","1.59%"
"06/16/2020","1.130","1.130","1.169","1.129","-1.91%"
"06/15/2020","1.152","1.123","1.167","1.114","2.77%"
"06/14/2020","1.121","1.121","1.121","1.121","0.00%"
"06/13/2020","1.121","1.121","1.121","1.121","-0.36%"
"06/12/2020","1.125","1.101","1.129","1.094","1.08%"
"06/11/2020","1.113","1.093","1.114","1.082","-0.98%"
"06/10/2020","1.124","1.120","1.143","1.118","-1.06%"
"06/09/2020","1.136","1.150","1.178","1.136","-5.02%"
"06/08/2020","1.196","1.214","1.214","1.171","-0.33%"
"06/07/2020","1.200","1.200","1.200","1.200","0.00%"
"06/06/2020","1.200","1.200","1.200","1.200","1.27%"
"06/05/2020","1.185","1.194","1.197","1.173","0.51%"
"06/04/2020","1.179","1.151","1.183","1.138","2.52%"
"06/03/2020","1.150","1.117","1.160","1.103","0.79%"
"06/02/2020","1.141","1.136","1.160","1.130","2.33%"
"06/01/2020","1.115","1.104","1.124","1.099","2.29%"
"05/31/2020","1.090","1.090","1.090","1.090","0.00%"
"05/30/2020","1.090","1.090","1.090","1.090","-0.91%"
"05/29/2020","1.100","1.081","1.107","1.053","2.71%"
"05/28/2020","1.071","1.079","1.098","0.995","-2.72%"
"05/27/2020","1.101","1.065","1.101","1.065","2.04%"
"05/26/2020","1.079","1.052","1.086","1.018","2.76%"
"05/25/2020","1.050","1.073","1.073","1.048","-1.87%"
"05/24/2020","1.070","1.070","1.070","1.070","0.00%"
"05/23/2020","1.070","1.070","1.070","1.070","-1.65%"
"05/22/2020","1.088","1.105","1.114","1.061","-0.82%"
"05/21/2020","1.097","1.110","1.130","1.094","-1.08%"
"05/20/2020","1.109","1.114","1.127","1.100","-2.20%"
"05/19/2020","1.134","1.152","1.154","1.114","0.62%"
"05/18/2020","1.127","1.119","1.137","1.119","1.35%"
"05/17/2020","1.112","1.112","1.112","1.112","0.00%"
"05/16/2020","1.112","1.112","1.112","1.112","-0.63%"
"05/15/2020","1.119","1.125","1.126","1.114","-0.44%"
"05/14/2020","1.124","1.111","1.137","1.106","1.26%"
"05/13/2020","1.110","1.121","1.121","1.095","-2.80%"
"05/12/2020","1.142","1.180","1.180","1.139","-3.47%"
"05/11/2020","1.183","1.163","1.186","1.163","1.81%"
"05/10/2020","1.162","1.162","1.162","1.162","0.00%"
"05/09/2020","1.162","1.162","1.162","1.162","-0.43%"
"05/08/2020","1.167","1.200","1.201","1.159","-3.79%"
"05/07/2020","1.213","1.220","1.220","1.205","-0.82%"
"05/06/2020","1.223","1.213","1.225","1.213","0.82%"
"05/05/2020","1.213","1.213","1.213","1.213","-0.25%"
"05/04/2020","1.216","1.242","1.246","1.206","-2.49%"
"05/03/2020","1.247","1.247","1.247","1.247","0.00%"
"05/02/2020","1.247","1.247","1.247","1.247","0.00%"
"05/01/2020","1.247","1.247","1.247","1.247","0.00%"
"04/30/2020","1.247","1.247","1.247","1.247","0.32%"
"04/29/2020","1.243","1.273","1.275","1.240","-3.57%"
"04/28/2020","1.289","1.294","1.315","1.286","0.31%"
"04/27/2020","1.285","1.275","1.297","1.275","2.39%"
"04/26/2020","1.255","1.255","1.255","1.255","0.00%"
"04/25/2020","1.255","1.255","1.255","1.255","-1.95%"
"04/24/2020","1.280","1.298","1.320","1.272","-0.78%"
"04/23/2020","1.290","1.273","1.290","1.263","1.74%"
"04/22/2020","1.268","1.222","1.277","1.222","3.17%"
"04/21/2020","1.229","1.215","1.279","1.204","0.99%"
"04/20/2020","1.217","1.222","1.222","1.198","-0.25%"
"04/19/2020","1.220","1.220","1.220","1.220","0.00%"
"04/18/2020","1.220","1.220","1.220","1.220","0.08%"
"04/17/2020","1.219","1.224","1.230","1.208","3.22%"
"04/16/2020","1.181","1.212","1.212","1.170","-3.20%"
"04/15/2020","1.220","1.220","1.220","1.220","-0.49%"
"04/14/2020","1.226","1.215","1.255","1.215","0.16%"
"04/13/2020","1.224","1.200","1.229","1.200","2.68%"
"04/12/2020","1.192","1.192","1.192","1.192","0.00%"
"04/11/2020","1.192","1.192","1.192","1.192","-0.17%"
"04/10/2020","1.194","1.204","1.208","1.179","-0.58%"
"04/09/2020","1.201","1.250","1.290","1.193","-5.21%"
"04/08/2020","1.267","1.304","1.306","1.267","-3.87%"
"04/07/2020","1.318","1.299","1.327","1.283","1.38%"
"04/06/2020","1.300","1.342","1.360","1.285","-2.03%"
"04/05/2020","1.327","1.327","1.327","1.327","0.00%"
"04/04/2020","1.327","1.327","1.327","1.327","-0.15%"
"04/03/2020","1.329","1.300","1.338","1.283","1.84%"
"04/02/2020","1.305","1.323","1.342","1.299","-1.58%"
"04/01/2020","1.326","1.284","1.330","1.270","2.39%"
"03/31/2020","1.295","1.358","1.383","1.290","-1.60%"
"03/30/2020","1.316","1.260","1.316","1.251","3.62%"
"03/29/2020","1.270","1.270","1.270","1.270","0.00%"
"03/28/2020","1.270","1.270","1.270","1.270","0.40%"
"03/27/2020","1.265","1.266","1.277","1.211","-1.48%"
"03/26/2020","1.284","1.384","1.397","1.274","-9.89%"
"03/25/2020","1.425","1.425","1.440","1.381","0.07%"
"03/24/2020","1.424","1.416","1.441","1.389","-2.53%"
"03/23/2020","1.461","1.438","1.476","1.438","3.99%"
"03/22/2020","1.405","1.405","1.405","1.405","0.00%"
"03/21/2020","1.405","1.405","1.405","1.405","1.15%"
"03/20/2020","1.389","1.381","1.469","1.370","-2.18%"
"03/19/2020","1.420","1.300","1.550","1.291","13.51%"
"03/18/2020","1.251","1.239","1.256","1.199","4.51%"
"03/17/2020","1.197","1.200","1.251","1.181","-6.34%"
"03/16/2020","1.278","1.242","1.281","1.222","-3.47%"
"03/15/2020","1.324","1.324","1.324","1.324","0.00%"
"03/14/2020","1.324","1.324","1.324","1.324","0.91%"
"03/13/2020","1.312","1.299","1.317","1.255","10.53%"
"03/12/2020","1.187","1.216","1.218","1.169","-0.92%"
"03/11/2020","1.198","1.197","1.207","1.153","1.61%"
"03/10/2020","1.179","1.159","1.191","1.150","3.42%"
"03/09/2020","1.140","1.106","1.183","1.099","-3.39%"
"03/08/2020","1.180","1.180","1.180","1.180","0.00%"
"03/07/2020","1.180","1.180","1.180","1.180","-0.25%"
"03/06/2020","1.183","1.131","1.183","1.105","3.95%"
"03/05/2020","1.138","1.141","1.147","1.119","1.97%"
"03/04/2020","1.116","1.119","1.141","1.098","-6.45%"
"03/03/2020","1.193","1.232","1.236","1.189","-1.49%"
"03/02/2020","1.211","1.127","1.217","1.107","3.50%"
"03/01/2020","1.170","1.170","1.170","1.170","0.00%"
"02/29/2020","1.170","1.170","1.170","1.170","-1.10%"
"02/28/2020","1.183","1.268","1.270","1.183","-8.29%"
"02/27/2020","1.290","1.226","1.301","1.226","4.96%"
"02/26/2020","1.229","1.251","1.254","1.225","-2.38%"
"02/25/2020","1.259","1.230","1.278","1.230","1.94%"
"02/24/2020","1.235","1.216","1.241","1.214","-2.76%"
"02/23/2020","1.270","1.270","1.270","1.270","0.24%"
"02/21/2020","1.267","1.311","1.323","1.266","-4.38%"
"02/20/2020","1.325","1.369","1.369","1.325","-4.06%"
"02/19/2020","1.381","1.392","1.402","1.343","-0.07%"
"02/18/2020","1.382","1.419","1.419","1.362","-4.03%"
"02/17/2020","1.440","1.463","1.486","1.440","-1.17%"
"02/16/2020","1.457","1.457","1.457","1.457","0.28%"
"02/14/2020","1.453","1.400","1.464","1.386","3.42%"
"02/13/2020","1.405","1.409","1.430","1.397","-1.06%"
"02/12/2020","1.420","1.413","1.430","1.405","0.71%"
"02/11/2020","1.410","1.402","1.425","1.389","-0.14%"
"02/10/2020","1.412","1.384","1.413","1.380","0.86%"
"02/09/2020","1.400","1.400","1.400","1.400","0.00%"
"02/08/2020","1.400","1.400","1.400","1.400","0.14%"
"02/07/2020","1.398","1.412","1.415","1.382","-2.37%"
"02/06/2020","1.432","1.432","1.450","1.412","1.49%"
"02/05/2020","1.411","1.453","1.456","1.410","-2.15%"
"02/04/2020","1.442","1.390","1.444","1.390","5.18%"
"02/03/2020","1.371","1.356","1.378","1.356","-1.72%"
"02/02/2020","1.395","1.395","1.395","1.395","0.00%"
"02/01/2020","1.395","1.395","1.395","1.395","0.87%"
"01/31/2020","1.383","1.392","1.406","1.376","-0.43%"
"01/30/2020","1.389","1.406","1.407","1.362","-2.87%"
"01/29/2020","1.430","1.462","1.466","1.430","-1.38%"
"01/28/2020","1.450","1.430","1.460","1.423","-5.84%"
"01/27/2020","1.540","1.540","1.540","1.540","0.00%"
"01/26/2020","1.540","1.540","1.540","1.540","0.00%"
"01/25/2020","1.540","1.540","1.540","1.540","0.00%"
"01/24/2020","1.540","1.540","1.540","1.540","0.33%"
"01/23/2020","1.535","1.531","1.537","1.509","-1.03%"
"01/22/2020","1.551","1.522","1.561","1.517","2.51%"
"01/21/2020","1.513","1.580","1.594","1.508","-4.66%"
"01/20/2020","1.587","1.560","1.603","1.560","2.72%"
"01/19/2020","1.545","1.545","1.545","1.545","0.00%"
"01/18/2020","1.545","1.545","1.545","1.545","-0.96%"
"01/17/2020","1.560","1.535","1.582","1.513","1.56%"
"01/16/2020","1.536","1.497","1.537","1.487","2.54%"
"01/15/2020","1.498","1.514","1.519","1.489","-0.93%"
"01/14/2020","1.512","1.552","1.558","1.512","-2.89%"
"01/13/2020","1.557","1.544","1.572","1.536","0.13%"
"01/12/2020","1.555","1.555","1.555","1.555","0.00%"
"01/11/2020","1.555","1.555","1.555","1.555","0.52%"
"01/10/2020","1.547","1.516","1.555","1.500","2.18%"
"01/09/2020","1.514","1.477","1.514","1.465","3.49%"
"01/08/2020","1.463","1.388","1.471","1.381","3.10%"
"01/07/2020","1.419","1.376","1.419","1.376","5.82%"
"01/06/2020","1.341","1.361","1.363","1.333","-1.47%"
"01/05/2020","1.361","1.361","1.361","1.361","0.00%"
"01/04/2020","1.361","1.361","1.361","1.361","0.07%"
"01/03/2020","1.360","1.432","1.432","1.359","-5.69%"
"01/02/2020","1.442","1.479","1.479","1.426","-1.90%"
"01/01/2020","1.470","1.470","1.470","1.470","0.00%"